-65.00000 0.05000 0.32000 0.60000 0.00000
-65.02668 0.05098 0.31995 0.59996 0.00000
-65.04654 0.05157 0.31990 0.59993 0.00000
-65.06186 0.05192 0.31985 0.59991 0.00000
-65.07411 0.05212 0.31979 0.59989 0.00000
-65.08425 0.05223 0.31973 0.59988 0.00000
-65.09288 0.05228 0.31967 0.59987 0.00000
-65.10039 0.05230 0.31960 0.59987 0.00000
-65.10703 0.05230 0.31954 0.59987 0.00000
-65.11296 0.05228 0.31948 0.59987 0.00000
-65.11828 0.05226 0.31941 0.59987 0.00000
-65.12305 0.05223 0.31935 0.59988 0.00000
-65.12733 0.05220 0.31928 0.59988 0.00000
-65.13114 0.05218 0.31922 0.59989 0.00000
-65.13451 0.05215 0.31915 0.59990 0.00000
-65.13747 0.05213 0.31909 0.59991 0.00000
-65.14003 0.05211 0.31902 0.59993 0.00000
-65.14220 0.05209 0.31896 0.59994 0.00000
-65.14400 0.05208 0.31890 0.59995 0.00000
-65.14544 0.05206 0.31883 0.59997 0.00000
-65.14654 0.05205 0.31877 0.59998 0.00000
-65.14731 0.05204 0.31871 0.60000 0.00000
-65.14776 0.05203 0.31865 0.60001 0.00000
-65.14790 0.05203 0.31859 0.60003 0.00000
-65.14775 0.05202 0.31854 0.60004 0.00000
-65.14732 0.05202 0.31848 0.60006 0.00000
-65.14663 0.05202 0.31842 0.60007 0.00000
-65.14567 0.05202 0.31837 0.60008 0.00000
-65.14448 0.05203 0.31832 0.60010 0.00000
-65.14306 0.05203 0.31827 0.60011 0.00000
-65.14142 0.05204 0.31821 0.60012 0.00000
-65.13957 0.05205 0.31817 0.60013 0.00000
-65.13753 0.05206 0.31812 0.60014 0.00000
-65.13531 0.05207 0.31807 0.60015 0.00000
-65.13292 0.05208 0.31803 0.60016 0.00000
-65.13038 0.05209 0.31799 0.60016 0.00000
-65.12768 0.05211 0.31794 0.60017 0.00000
-65.12485 0.05212 0.31790 0.60017 0.00000
-65.12190 0.05214 0.31787 0.60018 0.00000
-65.11883 0.05215 0.31783 0.60018 0.00000
-65.11565 0.05217 0.31779 0.60018 0.00000
-65.11238 0.05219 0.31776 0.60018 0.00000
-65.10903 0.05221 0.31773 0.60017 0.00000
-65.10560 0.05223 0.31770 0.60017 0.00000
-65.10211 0.05225 0.31767 0.60017 0.00000
-65.09856 0.05227 0.31764 0.60016 0.00000
-65.09496 0.05229 0.31761 0.60015 0.00000
-65.09133 0.05231 0.31759 0.60014 0.00000
-65.08766 0.05234 0.31757 0.60013 0.00000
-65.08397 0.05236 0.31754 0.60012 0.00000
-65.08026 0.05238 0.31752 0.60011 0.00000
-65.07655 0.05240 0.31750 0.60009 0.00000
-65.07283 0.05243 0.31749 0.60008 0.00000
-65.06912 0.05245 0.31747 0.60006 0.00000
-65.06542 0.05247 0.31746 0.60004 0.00000
-65.06174 0.05249 0.31744 0.60002 0.00000
-65.05809 0.05252 0.31743 0.60000 0.00000
-65.05446 0.05254 0.31742 0.59998 0.00000
-65.05087 0.05256 0.31741 0.59995 0.00000
-65.04732 0.05259 0.31740 0.59993 0.00000
-65.04381 0.05261 0.31739 0.59990 0.00000
-65.04035 0.05263 0.31739 0.59988 0.00000
-65.03695 0.05265 0.31738 0.59985 0.00000
-65.03360 0.05267 0.31738 0.59982 0.00000
-65.03032 0.05269 0.31737 0.59979 0.00000
-65.02710 0.05271 0.31737 0.59976 0.00000
-65.02394 0.05274 0.31737 0.59973 0.00000
-65.02086 0.05276 0.31737 0.59969 0.00000
-65.01786 0.05278 0.31737 0.59966 0.00000
-65.01493 0.05279 0.31737 0.59962 0.00000
-65.01207 0.05281 0.31737 0.59959 0.00000
-65.00930 0.05283 0.31737 0.59955 0.00000
-65.00661 0.05285 0.31738 0.59952 0.00000
-65.00401 0.05287 0.31738 0.59948 0.00000
-65.00149 0.05288 0.31739 0.59944 0.00000
-64.99905 0.05290 0.31739 0.59940 0.00000
-64.99671 0.05292 0.31740 0.59936 0.00000
-64.99445 0.05293 0.31740 0.59932 0.00000
-64.99229 0.05295 0.31741 0.59928 0.00000
-64.99021 0.05296 0.31742 0.59924 0.00000
-64.98822 0.05297 0.31742 0.59920 0.00000
-64.98632 0.05299 0.31743 0.59916 0.00000
-64.98452 0.05300 0.31744 0.59912 0.00000
-64.98280 0.05301 0.31745 0.59908 0.00000
-64.98117 0.05302 0.31746 0.59904 0.00000
-64.97963 0.05303 0.31747 0.59899 0.00000
-64.97818 0.05304 0.31748 0.59895 0.00000
-64.97682 0.05305 0.31749 0.59891 0.00000
-64.97554 0.05306 0.31750 0.59887 0.00000
-64.97435 0.05307 0.31751 0.59882 0.00000
-64.97324 0.05308 0.31752 0.59878 0.00000
-64.97222 0.05309 0.31753 0.59874 0.00000
-64.97127 0.05310 0.31754 0.59870 0.00000
-64.97041 0.05310 0.31755 0.59866 0.00000
-64.96963 0.05311 0.31756 0.59861 0.00000
-64.96892 0.05311 0.31757 0.59857 0.00000
-64.96829 0.05312 0.31758 0.59853 0.00000
-64.96774 0.05312 0.31759 0.59849 0.00000
-64.96725 0.05313 0.31760 0.59845 0.00000
-64.96684 0.05313 0.31761 0.59841 0.00000
-64.96649 0.05313 0.31762 0.59837 0.00000
-64.96376 0.05314 0.31764 0.59833 0.05000
-64.95638 0.05315 0.31765 0.59829 0.10000
-64.94458 0.05318 0.31766 0.59824 0.15000
-64.92854 0.05323 0.31768 0.59819 0.20000
-64.90842 0.05331 0.31770 0.59813 0.25000
-64.88437 0.05340 0.31773 0.59807 0.30000
-64.85650 0.05352 0.31776 0.59799 0.35000
-64.82496 0.05367 0.31781 0.59790 0.40000
-64.78986 0.05383 0.31786 0.59780 0.45000
-64.75132 0.05402 0.31792 0.59769 0.50000
-64.70946 0.05424 0.31799 0.59756 0.55000
-64.66438 0.05447 0.31807 0.59742 0.60000
-64.61621 0.05473 0.31817 0.59725 0.65000
-64.56505 0.05501 0.31827 0.59707 0.70000
-64.51099 0.05531 0.31839 0.59687 0.75000
-64.45415 0.05563 0.31852 0.59665 0.80000
-64.39462 0.05597 0.31867 0.59640 0.85000
-64.33250 0.05634 0.31883 0.59614 0.90000
-64.26788 0.05672 0.31901 0.59585 0.95000
-64.20085 0.05712 0.31920 0.59553 1.00000
-64.13149 0.05754 0.31940 0.59519 1.05000
-64.05988 0.05798 0.31963 0.59483 1.10000
-63.98610 0.05844 0.31987 0.59443 1.15000
-63.91022 0.05892 0.32013 0.59402 1.20000
-63.83232 0.05942 0.32040 0.59357 1.25000
-63.75245 0.05993 0.32069 0.59309 1.30000
-63.67067 0.06047 0.32101 0.59259 1.35000
-63.58705 0.06102 0.32133 0.59205 1.40000
-63.50163 0.06159 0.32168 0.59149 1.45000
-63.41446 0.06218 0.32205 0.59089 1.50000
-63.32559 0.06278 0.32243 0.59026 1.55000
-63.23506 0.06340 0.32284 0.58960 1.60000
-63.14289 0.06405 0.32326 0.58891 1.65000
-63.04913 0.06470 0.32371 0.58819 1.70000
-62.95378 0.06538 0.32417 0.58743 1.75000
-62.85688 0.06608 0.32465 0.58664 1.80000
-62.75843 0.06679 0.32516 0.58581 1.85000
-62.65846 0.06752 0.32568 0.58495 1.90000
-62.55695 0.06827 0.32622 0.58405 1.95000
-62.45391 0.06904 0.32679 0.58312 2.00000
-62.34933 0.06983 0.32737 0.58215 2.05000
-62.24320 0.07064 0.32798 0.58115 2.10000
-62.13548 0.07148 0.32861 0.58011 2.15000
-62.02616 0.07233 0.32926 0.57903 2.20000
-61.91519 0.07320 0.32993 0.57791 2.25000
-61.80253 0.07409 0.33062 0.57676 2.30000
-61.68812 0.07501 0.33133 0.57556 2.35000
-61.57189 0.07596 0.33207 0.57433 2.40000
-61.45377 0.07692 0.33283 0.57305 2.45000
-61.33366 0.07791 0.33361 0.57174 2.50000
-61.21146 0.07893 0.33441 0.57038 2.55000
-61.08704 0.07998 0.33523 0.56898 2.60000
-60.96026 0.08106 0.33608 0.56754 2.65000
-60.83097 0.08217 0.33696 0.56605 2.70000
-60.69897 0.08331 0.33786 0.56452 2.75000
-60.56407 0.08449 0.33878 0.56294 2.80000
-60.42601 0.08571 0.33973 0.56131 2.85000
-60.28451 0.08697 0.34070 0.55964 2.90000
-60.13927 0.08827 0.34171 0.55791 2.95000
-59.98991 0.08963 0.34274 0.55614 3.00000
-59.83601 0.09103 0.34380 0.55431 3.05000
-59.67708 0.09249 0.34489 0.55242 3.10000
-59.51254 0.09401 0.34601 0.55047 3.15000
-59.34175 0.09561 0.34716 0.54846 3.20000
-59.16390 0.09728 0.34835 0.54639 3.25000
-58.97809 0.09903 0.34957 0.54425 3.30000
-58.78323 0.10088 0.35083 0.54204 3.35000
-58.57802 0.10284 0.35214 0.53975 3.40000
-58.36089 0.10492 0.35349 0.53738 3.45000
-58.12996 0.10715 0.35489 0.53492 3.50000
-57.88292 0.10953 0.35634 0.53236 3.55000
-57.61694 0.11211 0.35784 0.52970 3.60000
-57.32846 0.11491 0.35942 0.52691 3.65000
-57.01303 0.11797 0.36106 0.52400 3.70000
-56.66496 0.12135 0.36279 0.52094 3.75000
-56.27688 0.12511 0.36461 0.51770 3.80000
-55.83906 0.12933 0.36653 0.51427 3.85000
-55.33848 0.13415 0.36859 0.51061 3.90000
-54.75724 0.13970 0.37079 0.50667 3.95000
-54.07019 0.14622 0.37318 0.50238 4.00000
-53.24090 0.15400 0.37580 0.49767 4.05000
-52.21475 0.16350 0.37871 0.49241 4.10000
-50.90649 0.17542 0.38200 0.48641 4.15000
-49.17647 0.19084 0.38582 0.47937 4.20000
-46.78227 0.21160 0.39039 0.47080 4.25000
-43.27415 0.24095 0.39610 0.45979 4.30000
-37.75644 0.28501 0.40369 0.44460 4.35000
-28.36151 0.35579 0.41464 0.42217 4.40000
-11.61935 0.47391 0.43204 0.39035 4.45000
13.60149 0.64762 0.46051 0.35460 4.50000
32.33321 0.81361 0.49980 0.32101 4.55000
36.05537 0.91109 0.54110 0.29052 4.60000
34.08361 0.95712 0.57881 0.26293 4.65000
30.45370 0.97796 0.61193 0.23797 4.70000
26.01151 0.98724 0.64060 0.21541 4.75000
21.09674 0.99107 0.66518 0.19503 4.80000
15.93299 0.99208 0.68605 0.17664 4.85000
10.67891 0.99132 0.70365 0.16007 4.90000
5.44306 0.98912 0.71833 0.14518 4.95000
0.29455 0.98544 0.73044 0.13185 5.00000
-4.72750 0.97998 0.74027 0.12000 5.05000
-9.60594 0.97225 0.74809 0.10955 5.10000
-14.33983 0.96160 0.75410 0.10046 5.15000
-18.94143 0.94717 0.75848 0.09271 5.20000
-23.43700 0.92790 0.76139 0.08629 5.25000
-27.87200 0.90245 0.76293 0.08118 5.30000
-32.32048 0.86918 0.76319 0.07740 5.35000
-36.89707 0.82595 0.76224 0.07494 5.40000
-41.76574 0.76989 0.76007 0.07380 5.45000
-47.12875 0.69717 0.75666 0.07404 5.50000
-53.14668 0.60328 0.75195 0.07576 5.55000
-59.69526 0.48575 0.74588 0.07916 5.60000
-65.99664 0.35187 0.73854 0.08450 5.65000
-70.79938 0.22541 0.73019 0.09185 5.70000
-73.55522 0.13160 0.72127 0.10076 5.75000
-74.80715 0.07487 0.71214 0.11051 5.80000
-75.29266 0.04447 0.70301 0.12056 5.85000
-75.44861 0.02911 0.69399 0.13063 5.90000
-75.46925 0.02157 0.68511 0.14061 5.95000
-75.43308 0.01793 0.67638 0.15044 6.00000
-75.37138 0.01623 0.66782 0.16012 6.05000
-75.29678 0.01547 0.65941 0.16964 6.10000
-75.21453 0.01518 0.65116 0.17898 6.15000
-75.12685 0.01512 0.64306 0.18816 6.20000
-75.03470 0.01518 0.63513 0.19717 6.25000
-74.93850 0.01531 0.62734 0.20602 6.30000
-74.83840 0.01547 0.61971 0.21470 6.35000
-74.73446 0.01565 0.61223 0.22321 6.40000
-74.62668 0.01585 0.60489 0.23157 6.45000
-74.51504 0.01606 0.59771 0.23976 6.50000
-74.39952 0.01628 0.59066 0.24779 6.55000
-74.28009 0.01652 0.58376 0.25566 6.60000
-74.15671 0.01677 0.57700 0.26338 6.65000
-74.02938 0.01703 0.57039 0.27093 6.70000
-73.89808 0.01730 0.56391 0.27834 6.75000
-73.76278 0.01758 0.55756 0.28558 6.80000
-73.62350 0.01788 0.55136 0.29268 6.85000
-73.48024 0.01819 0.54528 0.29962 6.90000
-73.33300 0.01852 0.53934 0.30641 6.95000
-73.18181 0.01886 0.53353 0.31305 7.00000
-73.02670 0.01922 0.52785 0.31954 7.05000
-72.86770 0.01959 0.52230 0.32589 7.10000
-72.70485 0.01998 0.51688 0.33209 7.15000
-72.53821 0.02038 0.51158 0.33814 7.20000
-72.36784 0.02080 0.50641 0.34405 7.25000
-72.19379 0.02124 0.50137 0.34981 7.30000
-72.01616 0.02170 0.49644 0.35543 7.35000
-71.83502 0.02218 0.49164 0.36091 7.40000
-71.65046 0.02268 0.48696 0.36626 7.45000
-71.46258 0.02320 0.48240 0.37146 7.50000
-71.27149 0.02373 0.47795 0.37652 7.55000
-71.07728 0.02429 0.47363 0.38145 7.60000
-70.88009 0.02487 0.46942 0.38624 7.65000
-70.68003 0.02548 0.46532 0.39090 7.70000
-70.47724 0.02610 0.46135 0.39543 7.75000
-70.27183 0.02675 0.45748 0.39982 7.80000
-70.06395 0.02742 0.45373 0.40408 7.85000
-69.85374 0.02812 0.45008 0.40821 7.90000
-69.64134 0.02884 0.44655 0.41222 7.95000
-69.42689 0.02959 0.44313 0.41609 8.00000
-69.21054 0.03036 0.43981 0.41984 8.05000
-68.99243 0.03116 0.43661 0.42346 8.10000
-68.77272 0.03198 0.43350 0.42696 8.15000
-68.55154 0.03283 0.43051 0.43033 8.20000
-68.32905 0.03371 0.42762 0.43358 8.25000
-68.10537 0.03461 0.42483 0.43671 8.30000
-67.88066 0.03555 0.42214 0.43971 8.35000
-67.65505 0.03651 0.41956 0.44260 8.40000
-67.42867 0.03750 0.41707 0.44537 8.45000
-67.20164 0.03851 0.41469 0.44802 8.50000
-66.97408 0.03956 0.41240 0.45056 8.55000
-66.74610 0.04063 0.41021 0.45297 8.60000
-66.51782 0.04174 0.40811 0.45528 8.65000
-66.28932 0.04287 0.40611 0.45747 8.70000
-66.06070 0.04403 0.40420 0.45954 8.75000
-65.83203 0.04522 0.40239 0.46151 8.80000
-65.60339 0.04644 0.40066 0.46336 8.85000
-65.37482 0.04770 0.39903 0.46510 8.90000
-65.14637 0.04898 0.39748 0.46673 8.95000
-64.91809 0.05029 0.39602 0.46826 9.00000
-64.68998 0.05163 0.39465 0.46967 9.05000
-64.46206 0.05301 0.39337 0.47098 9.10000
-64.23431 0.05441 0.39217 0.47218 9.15000
-64.00672 0.05585 0.39105 0.47327 9.20000
-63.77925 0.05732 0.39002 0.47426 9.25000
-63.55183 0.05883 0.38907 0.47515 9.30000
-63.32441 0.06037 0.38820 0.47593 9.35000
-63.09688 0.06194 0.38741 0.47660 9.40000
-62.86913 0.06356 0.38669 0.47717 9.45000
-62.64102 0.06520 0.38606 0.47764 9.50000
-62.41241 0.06689 0.38550 0.47801 9.55000
-62.18310 0.06862 0.38502 0.47827 9.60000
-61.95288 0.07039 0.38462 0.47843 9.65000
-61.72150 0.07221 0.38429 0.47849 9.70000
-61.48868 0.07407 0.38403 0.47844 9.75000
-61.25411 0.07599 0.38385 0.47829 9.80000
-61.01740 0.07795 0.38374 0.47804 9.85000
-60.77814 0.07998 0.38371 0.47768 9.90000
-60.53585 0.08207 0.38375 0.47722 9.95000
-60.28996 0.08422 0.38386 0.47665 10.00000
-60.03984 0.08646 0.38405 0.47597 10.05000
-59.78474 0.08877 0.38431 0.47518 10.10000
-59.52381 0.09117 0.38465 0.47427 10.15000
-59.25602 0.09367 0.38507 0.47325 10.20000
-58.98017 0.09628 0.38556 0.47212 10.25000
-58.69487 0.09902 0.38613 0.47086 10.30000
-58.39840 0.10190 0.38679 0.46947 10.35000
-58.08872 0.10494 0.38753 0.46794 10.40000
-57.76333 0.10817 0.38836 0.46628 10.45000
-57.41917 0.11162 0.38928 0.46446 10.50000
-57.05241 0.11532 0.39030 0.46248 10.55000
-56.65823 0.11932 0.39143 0.46033 10.60000
-56.23045 0.12368 0.39268 0.45798 10.65000
-55.76106 0.12848 0.39405 0.45543 10.70000
-55.23944 0.13381 0.39557 0.45263 10.75000
-54.65129 0.13982 0.39725 0.44955 10.80000
-53.97686 0.14667 0.39912 0.44615 10.85000
-53.18821 0.15463 0.40121 0.44236 10.90000
-52.24456 0.16405 0.40358 0.43809 10.95000
-51.08429 0.17545 0.40629 0.43321 11.00000
-49.61045 0.18965 0.40944 0.42751 11.05000
-47.66301 0.20794 0.41319 0.42069 11.10000
-44.96275 0.23248 0.41779 0.41219 11.15000
-40.99226 0.26706 0.42370 0.40105 11.20000
-34.73992 0.31873 0.43175 0.38552 11.25000
-24.23226 0.40031 0.44358 0.36305 11.30000
-6.58537 0.52906 0.46227 0.33358 11.35000
16.25547 0.69708 0.49120 0.30266 11.40000
30.33358 0.83974 0.52811 0.27399 11.45000
32.48252 0.92093 0.56551 0.24798 11.50000
30.01135 0.96003 0.59941 0.22445 11.55000
25.97770 0.97815 0.62905 0.20318 11.60000
21.20392 0.98629 0.65456 0.18396 11.65000
16.05204 0.98946 0.67627 0.16662 11.70000
10.74613 0.98982 0.69459 0.15099 11.75000
5.43212 0.98822 0.70988 0.13696 11.80000
0.20068 0.98483 0.72249 0.12440 11.85000
-4.89724 0.97947 0.73274 0.11324 11.90000
-9.83858 0.97171 0.74089 0.10341 11.95000
-14.61985 0.96089 0.74718 0.09489 12.00000
-19.25254 0.94615 0.75178 0.08764 12.05000
-23.76300 0.92644 0.75487 0.08166 12.10000
-28.19701 0.90044 0.75657 0.07695 12.15000
-32.62831 0.86652 0.75697 0.07350 12.20000
-37.16891 0.82262 0.75613 0.07130 12.25000
-41.97484 0.76600 0.75407 0.07038 12.30000
-47.23108 0.69311 0.75078 0.07076 12.35000
-53.07129 0.59997 0.74619 0.07256 12.40000
-59.35665 0.48482 0.74029 0.07594 12.45000
-65.36882 0.35500 0.73315 0.08116 12.50000
-69.99075 0.23218 0.72504 0.08825 12.55000
-72.70950 0.13938 0.71636 0.09682 12.60000
-73.97870 0.08158 0.70747 0.10619 12.65000
-74.47338 0.04961 0.69858 0.11587 12.70000
-74.61967 0.03295 0.68979 0.12557 12.75000
-74.61709 0.02454 0.68113 0.13518 12.80000
-74.54967 0.02039 0.67263 0.14464 12.85000
-74.45199 0.01841 0.66430 0.15394 12.90000
-74.33840 0.01753 0.65612 0.16306 12.95000
-74.21504 0.01722 0.64811 0.17200 13.00000
-74.08455 0.01720 0.64026 0.18077 13.05000
-73.94814 0.01733 0.63257 0.18935 13.10000
-73.80632 0.01755 0.62504 0.19776 13.15000
-73.65935 0.01782 0.61766 0.20600 13.20000
-73.50732 0.01813 0.61044 0.21406 13.25000
-73.35029 0.01846 0.60338 0.22194 13.30000
-73.18829 0.01882 0.59646 0.22966 13.35000
-73.02131 0.01919 0.58970 0.23720 13.40000
-72.84939 0.01959 0.58308 0.24457 13.45000
-72.67254 0.02001 0.57662 0.25177 13.50000
-72.49079 0.02045 0.57030 0.25881 13.55000
-72.30419 0.02091 0.56413 0.26567 13.60000
-72.11278 0.02139 0.55810 0.27237 13.65000
-71.91662 0.02190 0.55221 0.27891 13.70000
-71.71579 0.02243 0.54647 0.28528 13.75000
-71.51037 0.02298 0.54086 0.29149 13.80000
-71.30046 0.02357 0.53540 0.29754 13.85000
-71.08617 0.02417 0.53007 0.30343 13.90000
-70.86761 0.02481 0.52488 0.30916 13.95000
-70.64492 0.02547 0.51983 0.31474 14.00000
-70.41823 0.02617 0.51491 0.32015 14.05000
-70.18769 0.02689 0.51012 0.32542 14.10000
-69.95347 0.02765 0.50547 0.33052 14.15000
-69.71573 0.02844 0.50095 0.33548 14.20000
-69.47464 0.02926 0.49657 0.34028 14.25000
-69.23040 0.03011 0.49231 0.34493 14.30000
-68.98319 0.03101 0.48818 0.34943 14.35000
-68.73320 0.03193 0.48417 0.35378 14.40000
-68.48063 0.03289 0.48030 0.35799 14.45000
-68.22568 0.03389 0.47655 0.36205 14.50000
-67.96856 0.03493 0.47292 0.36596 14.55000
-67.70946 0.03601 0.46942 0.36974 14.60000
-67.44860 0.03712 0.46604 0.37336 14.65000
-67.18616 0.03828 0.46279 0.37685 14.70000
-66.92234 0.03948 0.45965 0.38020 14.75000
-66.65734 0.04071 0.45663 0.38340 14.80000
-66.39133 0.04199 0.45373 0.38647 14.85000
-66.12449 0.04331 0.45095 0.38940 14.90000
-65.85699 0.04468 0.44828 0.39220 14.95000
-65.58897 0.04608 0.44573 0.39486 15.00000
-65.32058 0.04753 0.44329 0.39738 15.05000
-65.05194 0.04903 0.44096 0.39977 15.10000
-64.78315 0.05057 0.43874 0.40203 15.15000
-64.51433 0.05215 0.43664 0.40416 15.20000
-64.24552 0.05378 0.43464 0.40616 15.25000
-63.97680 0.05545 0.43275 0.40803 15.30000
-63.70818 0.05717 0.43096 0.40977 15.35000
-63.43968 0.05894 0.42928 0.41138 15.40000
-63.17128 0.06076 0.42770 0.41287 15.45000
-62.90292 0.06262 0.42623 0.41423 15.50000
-62.63454 0.06453 0.42485 0.41546 15.55000
-62.36603 0.06650 0.42358 0.41657 15.60000
-62.09725 0.06852 0.42241 0.41755 15.65000
-61.82802 0.07059 0.42133 0.41841 15.70000
-61.55813 0.07272 0.42035 0.41914 15.75000
-61.28731 0.07491 0.41947 0.41975 15.80000
-61.01526 0.07716 0.41868 0.42024 15.85000
-60.74162 0.07947 0.41799 0.42060 15.90000
-60.46596 0.08186 0.41739 0.42084 15.95000
-60.18778 0.08432 0.41688 0.42095 16.00000
-59.90650 0.08686 0.41647 0.42093 16.05000
-59.62146 0.08948 0.41615 0.42079 16.10000
-59.33187 0.09220 0.41593 0.42052 16.15000
-59.03680 0.09502 0.41580 0.42012 16.20000
-58.73518 0.09796 0.41577 0.41958 16.25000
-58.42572 0.10102 0.41583 0.41890 16.30000
-58.10691 0.10423 0.41599 0.41809 16.35000
-57.77691 0.10760 0.41625 0.41713 16.40000
-57.43351 0.11115 0.41661 0.41602 16.45000
-57.07401 0.11491 0.41708 0.41475 16.50000
-56.69508 0.11892 0.41766 0.41331 16.55000
-56.29255 0.12322 0.41836 0.41169 16.60000
-55.86115 0.12786 0.41918 0.40988 16.65000
-55.39409 0.13290 0.42014 0.40786 16.70000
-54.88255 0.13844 0.42124 0.40561 16.75000
-54.31478 0.14459 0.42251 0.40310 16.80000
-53.67483 0.15151 0.42396 0.40029 16.85000
-52.94060 0.15939 0.42562 0.39713 16.90000
-52.08057 0.16854 0.42753 0.39355 16.95000
-51.04844 0.17938 0.42975 0.38946 17.00000
-49.77380 0.19251 0.43234 0.38472 17.05000
-48.14515 0.20890 0.43543 0.37910 17.10000
-45.97759 0.23006 0.43920 0.37226 17.15000
-42.94851 0.25853 0.44393 0.36362 17.20000
-38.46658 0.29873 0.45013 0.35215 17.25000
-31.41912 0.35847 0.45876 0.33618 17.30000
-19.87161 0.45046 0.47156 0.31399 17.35000
-2.04633 0.58550 0.49138 0.28716 17.40000
17.45560 0.74124 0.52007 0.26037 17.45000
27.54081 0.86133 0.55419 0.23572 17.50000
28.38313 0.92867 0.58776 0.21337 17.55000
25.46577 0.96189 0.61797 0.19316 17.60000
21.12739 0.97764 0.64426 0.17490 17.65000
16.14265 0.98468 0.66676 0.15841 17.70000
10.87448 0.98708 0.68579 0.14356 17.75000
5.53527 0.98659 0.70170 0.13022 17.80000
0.25238 0.98383 0.71484 0.11829 17.85000
-4.90275 0.97881 0.72553 0.10769 17.90000
-9.89600 0.97121 0.73405 0.09837 17.95000
-14.71822 0.96042 0.74064 0.09029 18.00000
-19.37816 0.94562 0.74551 0.08344 18.05000
-23.90077 0.92575 0.74882 0.07780 18.10000
-28.33073 0.89952 0.75070 0.07339 18.15000
-32.73990 0.86538 0.75127 0.07018 18.20000
-37.23599 0.82132 0.75058 0.06817 18.25000
-41.96602 0.76479 0.74868 0.06738 18.30000
-47.09947 0.69252 0.74554 0.06784 18.35000
-52.75248 0.60100 0.74112 0.06964 18.40000
-58.79225 0.48889 0.73542 0.07295 18.45000
-64.57645 0.36299 0.72852 0.07798 18.50000
-69.10082 0.24279 0.72066 0.08477 18.55000
-71.84926 0.14973 0.71223 0.09298 18.60000
-73.17653 0.08987 0.70356 0.10200 18.65000
-73.70342 0.05569 0.69488 0.11134 18.70000
-73.85360 0.03737 0.68630 0.12071 18.75000
-73.83687 0.02786 0.67785 0.12999 18.80000
-73.74528 0.02306 0.66955 0.13912 18.85000
-73.61791 0.02072 0.66142 0.14808 18.90000
-73.47143 0.01968 0.65345 0.15686 18.95000
-73.31310 0.01931 0.64566 0.16546 19.00000
-73.14617 0.01931 0.63802 0.17386 19.05000
-72.97213 0.01951 0.63055 0.18209 19.10000
-72.79169 0.01982 0.62324 0.19012 19.15000
-72.60520 0.02021 0.61610 0.19798 19.20000
-72.41284 0.02064 0.60911 0.20565 19.25000
-72.21473 0.02112 0.60228 0.21313 19.30000
-72.01094 0.02163 0.59561 0.22044 19.35000
-71.80156 0.02216 0.58910 0.22757 19.40000
-71.58665 0.02273 0.58274 0.23452 19.45000
-71.36630 0.02333 0.57654 0.24129 19.50000
-71.14061 0.02396 0.57048 0.24788 19.55000
-70.90968 0.02463 0.56458 0.25430 19.60000
-70.67364 0.02532 0.55883 0.26055 19.65000
-70.43261 0.02605 0.55323 0.26662 19.70000
-70.18676 0.02682 0.54778 0.27252 19.75000
-69.93624 0.02762 0.54247 0.27825 19.80000
-69.68122 0.02846 0.53731 0.28381 19.85000
-69.42191 0.02934 0.53229 0.28921 19.90000
-69.15849 0.03026 0.52742 0.29443 19.95000
-68.89118 0.03122 0.52269 0.29949 20.00000
-68.62020 0.03223 0.51811 0.30439 20.05000
-68.34578 0.03328 0.51366 0.30913 20.10000
-68.06816 0.03437 0.50935 0.31370 20.15000
-67.78758 0.03551 0.50519 0.31811 20.20000
-67.50428 0.03670 0.50116 0.32236 20.25000
-67.21851 0.03794 0.49727 0.32646 20.30000
-66.93052 0.03923 0.49351 0.33039 20.35000
-66.64056 0.04057 0.48989 0.33418 20.40000
-66.34886 0.04196 0.48640 0.33780 20.45000
-66.05567 0.04340 0.48304 0.34128 20.50000
-65.76121 0.04490 0.47982 0.34460 20.55000
-65.46571 0.04645 0.47672 0.34777 20.60000
-65.16935 0.04805 0.47376 0.35079 20.65000
-64.87235 0.04971 0.47092 0.35366 20.70000
-64.57485 0.05143 0.46821 0.35639 20.75000
-64.27703 0.05320 0.46562 0.35896 20.80000
-63.97900 0.05503 0.46316 0.36140 20.85000
-63.68088 0.05692 0.46082 0.36368 20.90000
-63.38273 0.05887 0.45860 0.36583 20.95000
-63.08462 0.06088 0.45650 0.36783 21.00000
-62.78654 0.06295 0.45452 0.36969 21.05000
-62.48849 0.06508 0.45265 0.37140 21.10000
-62.19042 0.06727 0.45090 0.37298 21.15000
-61.89221 0.06953 0.44927 0.37442 21.20000
-61.59373 0.07185 0.44775 0.37571 21.25000
-61.29480 0.07425 0.44634 0.37687 21.30000
-60.99516 0.07671 0.44505 0.37789 21.35000
-60.69453 0.07925 0.44386 0.37877 21.40000
-60.39253 0.08187 0.44279 0.37952 21.45000
-60.08873 0.08457 0.44182 0.38012 21.50000
-59.78261 0.08735 0.44096 0.38058 21.55000
-59.47356 0.09023 0.44021 0.38091 21.60000
-59.16085 0.09321 0.43957 0.38109 21.65000
-58.84365 0.09630 0.43903 0.38113 21.70000
-58.52093 0.09950 0.43861 0.38103 21.75000
-58.19152 0.10284 0.43829 0.38078 21.80000
-57.85401 0.10632 0.43808 0.38038 21.85000
-57.50670 0.10997 0.43799 0.37982 21.90000
-57.14757 0.11380 0.43800 0.37910 21.95000
-56.77414 0.11784 0.43814 0.37822 22.00000
-56.38337 0.12213 0.43839 0.37717 22.05000
-55.97151 0.12669 0.43877 0.37594 22.10000
-55.53383 0.13159 0.43928 0.37451 22.15000
-55.06430 0.13688 0.43993 0.37287 22.20000
-54.55516 0.14264 0.44074 0.37100 22.25000
-53.99616 0.14898 0.44171 0.36889 22.30000
-53.37361 0.15603 0.44286 0.36648 22.35000
-52.66876 0.16398 0.44421 0.36376 22.40000
-51.85532 0.17308 0.44581 0.36065 22.45000
-50.89541 0.18369 0.44769 0.35709 22.50000
-49.73277 0.19633 0.44992 0.35295 22.55000
-48.28074 0.21176 0.45259 0.34808 22.60000
-46.40043 0.23119 0.45583 0.34222 22.65000
-43.85925 0.25653 0.45987 0.33496 22.70000
-40.25013 0.29098 0.46508 0.32561 22.75000
-34.83889 0.34004 0.47208 0.31302 22.80000
-26.33735 0.41273 0.48204 0.29568 22.85000
-13.00590 0.52035 0.49694 0.27322 22.90000
4.81430 0.66145 0.51909 0.24869 22.95000
19.70809 0.79825 0.54829 0.22534 23.00000
25.13509 0.89100 0.58001 0.20402 23.05000
24.15575 0.94131 0.60998 0.18471 23.10000
20.56125 0.96638 0.63656 0.16725 23.15000
15.88764 0.97832 0.65949 0.15150 23.20000
10.74405 0.98332 0.67897 0.13730 23.25000
5.43957 0.98425 0.69529 0.12456 23.30000
0.14942 0.98227 0.70879 0.11316 23.35000
-5.02908 0.97769 0.71979 0.10304 23.40000
-10.04780 0.97029 0.72857 0.09414 23.45000
-14.89017 0.95954 0.73538 0.08645 23.50000
-19.56112 0.94466 0.74043 0.07994 23.55000
-24.08362 0.92461 0.74389 0.07460 23.60000
-28.50099 0.89815 0.74591 0.07044 23.65000
-32.88329 0.86375 0.74660 0.06744 23.70000
-37.33438 0.81950 0.74602 0.06560 23.75000
-41.99341 0.76299 0.74423 0.06493 23.80000
-47.01637 0.69122 0.74120 0.06545 23.85000
-52.50375 0.60106 0.73693 0.06727 23.90000
-58.32537 0.49157 0.73140 0.07052 23.95000
-63.89728 0.36919 0.72469 0.07539 24.00000
-68.31010 0.25165 0.71705 0.08193 24.05000
-71.06001 0.15889 0.70884 0.08983 24.10000
-72.42660 0.09759 0.70038 0.09852 24.15000
-72.97882 0.06160 0.69189 0.10754 24.20000
-73.13229 0.04179 0.68349 0.11661 24.25000
-73.10337 0.03126 0.67522 0.12558 24.30000
-72.99057 0.02583 0.66711 0.13441 24.35000
-72.83694 0.02313 0.65917 0.14306 24.40000
-72.66127 0.02191 0.65139 0.15152 24.45000
-72.47193 0.02149 0.64379 0.15980 24.50000
-72.27274 0.02150 0.63635 0.16788 24.55000
-72.06551 0.02176 0.62908 0.17577 24.60000
-71.85112 0.02217 0.62198 0.18346 24.65000
-71.63006 0.02268 0.61504 0.19097 24.70000
-71.40258 0.02325 0.60827 0.19829 24.75000
-71.16889 0.02387 0.60166 0.20541 24.80000
-70.92914 0.02454 0.59521 0.21235 24.85000
-70.68345 0.02526 0.58892 0.21911 24.90000
-70.43199 0.02601 0.58280 0.22568 24.95000
-70.17489 0.02680 0.57683 0.23206 25.00000
-69.91233 0.02764 0.57102 0.23827 25.05000
-69.64449 0.02852 0.56537 0.24429 25.10000
-69.37156 0.02944 0.55987 0.25013 25.15000
-69.09374 0.03041 0.55453 0.25579 25.20000
-68.81127 0.03143 0.54934 0.26128 25.25000
-68.52439 0.03249 0.54430 0.26659 25.30000
-68.23333 0.03361 0.53942 0.27172 25.35000
-67.93837 0.03478 0.53468 0.27668 25.40000
-67.63977 0.03600 0.53010 0.28147 25.45000
-67.33782 0.03728 0.52566 0.28609 25.50000
-67.03279 0.03862 0.52137 0.29054 25.55000
-66.72497 0.04001 0.51723 0.29482 25.60000
-66.41466 0.04147 0.51324 0.29893 25.65000
-66.10213 0.04298 0.50939 0.30288 25.70000
-65.78766 0.04456 0.50568 0.30666 25.75000
-65.47154 0.04620 0.50211 0.31027 25.80000
-65.15402 0.04790 0.49869 0.31373 25.85000
-64.83535 0.04967 0.49541 0.31702 25.90000
-64.51577 0.05150 0.49226 0.32016 25.95000
-64.19549 0.05341 0.48925 0.32313 26.00000
-63.87471 0.05538 0.48638 0.32595 26.05000
-63.55358 0.05742 0.48364 0.32862 26.10000
-63.23225 0.05952 0.48104 0.33112 26.15000
-62.91081 0.06170 0.47856 0.33347 26.20000
-62.58934 0.06396 0.47622 0.33567 26.25000
-62.26785 0.06628 0.47401 0.33772 26.30000
-61.94634 0.06868 0.47193 0.33961 26.35000
-61.62475 0.07116 0.46997 0.34136 26.40000
-61.30295 0.07371 0.46814 0.34295 26.45000
-60.98077 0.07635 0.46643 0.34439 26.50000
-60.65800 0.07906 0.46484 0.34569 26.55000
-60.33432 0.08186 0.46338 0.34683 26.60000
-60.00938 0.08476 0.46204 0.34783 26.65000
-59.68270 0.08774 0.46081 0.34867 26.70000
-59.35374 0.09083 0.45971 0.34937 26.75000
-59.02185 0.09403 0.45873 0.34991 26.80000
-58.68624 0.09733 0.45786 0.35031 26.85000
-58.34598 0.10077 0.45712 0.35055 26.90000
-57.99996 0.10433 0.45649 0.35064 26.95000
-57.64689 0.10805 0.45598 0.35056 27.00000
-57.28518 0.11193 0.45560 0.35033 27.05000
-56.91296 0.11600 0.45533 0.34994 27.10000
-56.52793 0.12028 0.45519 0.34937 27.15000
-56.12733 0.12480 0.45518 0.34863 27.20000
-55.70771 0.12959 0.45530 0.34770 27.25000
-55.26478 0.13471 0.45556 0.34657 27.30000
-54.79314 0.14021 0.45597 0.34524 27.35000
-54.28585 0.14616 0.45653 0.34369 27.40000
-53.73387 0.15266 0.45725 0.34189 27.45000
-53.12524 0.15983 0.45816 0.33982 27.50000
-52.44378 0.16783 0.45927 0.33744 27.55000
-51.66715 0.17690 0.46061 0.33471 27.60000
-50.76369 0.18733 0.46222 0.33156 27.65000
-49.68727 0.19958 0.46415 0.32791 27.70000
-48.36852 0.21427 0.46648 0.32362 27.75000
-46.69935 0.23239 0.46932 0.31849 27.80000
-44.50466 0.25543 0.47284 0.31222 27.85000
-41.48954 0.28585 0.47732 0.30433 27.90000
-37.14185 0.32764 0.48320 0.29401 27.95000
-30.57683 0.38739 0.49131 0.28008 28.00000
-20.45431 0.47441 0.50301 0.26159 28.05000
-5.85756 0.59465 0.52026 0.23972 28.10000
10.13058 0.73127 0.54430 0.21765 28.15000
20.04318 0.84389 0.57303 0.19716 28.20000
22.07365 0.91364 0.60212 0.17853 28.25000
19.78227 0.95085 0.62878 0.16167 28.30000
15.66602 0.96950 0.65213 0.14645 28.35000
10.77013 0.97816 0.67209 0.13274 28.40000
5.56757 0.98113 0.68890 0.12042 28.45000
0.30731 0.98035 0.70284 0.10940 28.50000
-4.87485 0.97651 0.71423 0.09962 28.55000
-9.90959 0.96960 0.72335 0.09102 28.60000
-14.76862 0.95921 0.73045 0.08358 28.65000
-19.45022 0.94460 0.73575 0.07729 28.70000
-23.97322 0.92480 0.73944 0.07214 28.75000
-28.37753 0.89861 0.74166 0.06813 28.80000
-32.72913 0.86458 0.74253 0.06524 28.85000
-37.12576 0.82091 0.74213 0.06347 28.90000
-41.69730 0.76537 0.74051 0.06282 28.95000
-46.58809 0.69521 0.73768 0.06333 29.00000
-51.89281 0.60764 0.73361 0.06506 29.05000
-57.50534 0.50175 0.72832 0.06815 29.10000
-62.92214 0.38307 0.72186 0.07278 29.15000
-67.32012 0.26721 0.71448 0.07898 29.20000
-70.16800 0.17301 0.70649 0.08651 29.25000
-71.64216 0.10859 0.69824 0.09487 29.30000
-72.25916 0.06954 0.68993 0.10358 29.35000
-72.43704 0.04744 0.68169 0.11235 29.40000
-72.40753 0.03541 0.67359 0.12105 29.45000
-72.28065 0.02905 0.66564 0.12960 29.50000
-72.10587 0.02583 0.65786 0.13797 29.55000
-71.90528 0.02434 0.65025 0.14615 29.60000
-71.68888 0.02379 0.64281 0.15414 29.65000
-71.46132 0.02379 0.63555 0.16193 29.70000
-71.22485 0.02410 0.62845 0.16953 29.75000
-70.98061 0.02460 0.62153 0.17692 29.80000
-70.72923 0.02522 0.61478 0.18412 29.85000
-70.47109 0.02593 0.60819 0.19113 29.90000
-70.20647 0.02671 0.60177 0.19794 29.95000
-69.93560 0.02754 0.59552 0.20456 30.00000
-72.05320 0.02641 0.58917 0.21153 0.00000
-73.30915 0.02359 0.58261 0.21913 0.00000
-74.05831 0.02090 0.57597 0.22709 0.00000
-74.50395 0.01886 0.56933 0.23521 0.00000
-74.76430 0.01747 0.56273 0.24339 0.00000
-74.90932 0.01657 0.55622 0.25156 0.00000
-74.98106 0.01602 0.54979 0.25966 0.00000
-75.00527 0.01570 0.54347 0.26768 0.00000
-74.99794 0.01554 0.53726 0.27560 0.00000
-74.96914 0.01548 0.53115 0.28341 0.00000
-74.92538 0.01549 0.52516 0.29109 0.00000
-74.87085 0.01555 0.51927 0.29866 0.00000
-74.80836 0.01563 0.51351 0.30609 0.00000
-74.73977 0.01574 0.50785 0.31340 0.00000
-74.66635 0.01587 0.50230 0.32058 0.00000
-74.58901 0.01601 0.49686 0.32763 0.00000
-74.50835 0.01616 0.49153 0.33455 0.00000
-74.42482 0.01632 0.48631 0.34135 0.00000
-74.33876 0.01649 0.48119 0.34803 0.00000
-74.25041 0.01667 0.47618 0.35458 0.00000
-74.15997 0.01686 0.47127 0.36100 0.00000
-74.06759 0.01705 0.46647 0.36731 0.00000
-73.97339 0.01725 0.46176 0.37350 0.00000
-73.87747 0.01745 0.45716 0.37956 0.00000
-73.77995 0.01766 0.45265 0.38551 0.00000
-73.68089 0.01788 0.44824 0.39134 0.00000
-73.58038 0.01810 0.44392 0.39706 0.00000
-73.47849 0.01833 0.43970 0.40267 0.00000
-73.37530 0.01857 0.43557 0.40816 0.00000
-73.27087 0.01881 0.43154 0.41354 0.00000
-73.16528 0.01905 0.42759 0.41881 0.00000
-73.05859 0.01931 0.42374 0.42398 0.00000
-72.95087 0.01957 0.41997 0.42903 0.00000
-72.84220 0.01983 0.41629 0.43399 0.00000
-72.73262 0.02010 0.41269 0.43883 0.00000
-72.62223 0.02038 0.40918 0.44358 0.00000
-72.51108 0.02066 0.40575 0.44822 0.00000
-72.39924 0.02095 0.40241 0.45277 0.00000
-72.28678 0.02124 0.39915 0.45721 0.00000
-72.17376 0.02154 0.39596 0.46156 0.00000
-72.06027 0.02185 0.39286 0.46581 0.00000
-71.94635 0.02216 0.38983 0.46997 0.00000
-71.83209 0.02247 0.38688 0.47404 0.00000
-71.71754 0.02279 0.38401 0.47801 0.00000
-71.60278 0.02312 0.38121 0.48189 0.00000
-71.48786 0.02345 0.37848 0.48568 0.00000
-71.37285 0.02379 0.37582 0.48939 0.00000
-71.25781 0.02413 0.37324 0.49301 0.00000
-71.14281 0.02447 0.37072 0.49654 0.00000
-71.02790 0.02482 0.36828 0.49998 0.00000
-70.91314 0.02518 0.36590 0.50335 0.00000
-70.79860 0.02554 0.36359 0.50663 0.00000
-70.68432 0.02590 0.36135 0.50983 0.00000
-70.57036 0.02627 0.35916 0.51295 0.00000
-70.45678 0.02664 0.35705 0.51599 0.00000
-70.34363 0.02702 0.35499 0.51896 0.00000
-70.23095 0.02740 0.35300 0.52185 0.00000
-70.11880 0.02778 0.35107 0.52466 0.00000
-70.00722 0.02817 0.34919 0.52740 0.00000
-69.89625 0.02856 0.34738 0.53007 0.00000
-69.78594 0.02895 0.34562 0.53267 0.00000
-69.67633 0.02934 0.34392 0.53520 0.00000
-69.56745 0.02974 0.34227 0.53765 0.00000
-69.45935 0.03014 0.34068 0.54004 0.00000
-69.35207 0.03054 0.33914 0.54237 0.00000
-69.24563 0.03095 0.33765 0.54462 0.00000
-69.14006 0.03136 0.33622 0.54681 0.00000
-69.03541 0.03176 0.33483 0.54894 0.00000
-68.93169 0.03217 0.33350 0.55101 0.00000
-68.82894 0.03259 0.33221 0.55301 0.00000
-68.72718 0.03300 0.33097 0.55495 0.00000
-68.62643 0.03341 0.32977 0.55684 0.00000
-68.52672 0.03383 0.32863 0.55866 0.00000
-68.42807 0.03424 0.32752 0.56043 0.00000
-68.33049 0.03466 0.32646 0.56214 0.00000
-68.23402 0.03507 0.32544 0.56380 0.00000
-68.13866 0.03549 0.32447 0.56540 0.00000
-68.04443 0.03590 0.32353 0.56695 0.00000
-67.95135 0.03632 0.32264 0.56844 0.00000
-67.85942 0.03673 0.32178 0.56989 0.00000
-67.76867 0.03715 0.32096 0.57128 0.00000
-67.67910 0.03756 0.32018 0.57263 0.00000
-67.59073 0.03797 0.31943 0.57392 0.00000
-67.50356 0.03838 0.31873 0.57517 0.00000
-67.41761 0.03879 0.31805 0.57637 0.00000
-67.33288 0.03920 0.31741 0.57752 0.00000
-67.24938 0.03961 0.31680 0.57863 0.00000
-67.16712 0.04001 0.31623 0.57970 0.00000
-67.08610 0.04042 0.31568 0.58072 0.00000
-67.00633 0.04082 0.31517 0.58171 0.00000
-66.92781 0.04121 0.31468 0.58264 0.00000
-66.85056 0.04161 0.31423 0.58354 0.00000
-66.77456 0.04200 0.31380 0.58440 0.00000
-66.69984 0.04239 0.31340 0.58522 0.00000
-66.62638 0.04278 0.31303 0.58601 0.00000
-66.55420 0.04316 0.31268 0.58675 0.00000
-66.48330 0.04354 0.31236 0.58746 0.00000
-66.41368 0.04392 0.31206 0.58814 0.00000
-66.34533 0.04429 0.31179 0.58878 0.00000
-66.27828 0.04466 0.31154 0.58939 0.00000
-66.21250 0.04503 0.31131 0.58996 0.00000
-66.14802 0.04539 0.31110 0.59050 0.00000
-66.08482 0.04574 0.31091 0.59101 0.00000
-66.02292 0.04610 0.31075 0.59149 0.00000
-65.96231 0.04644 0.31060 0.59194 0.00000
-65.90299 0.04679 0.31047 0.59237 0.00000
-65.84496 0.04713 0.31036 0.59276 0.00000
-65.78823 0.04746 0.31027 0.59313 0.00000
-65.73280 0.04779 0.31020 0.59347 0.00000
-65.67867 0.04811 0.31014 0.59378 0.00000
-65.62583 0.04843 0.31009 0.59407 0.00000
-65.57429 0.04874 0.31006 0.59434 0.00000
-65.52405 0.04905 0.31005 0.59458 0.00000
-65.47510 0.04935 0.31005 0.59480 0.00000
-65.42746 0.04965 0.31006 0.59500 0.00000
-65.38112 0.04994 0.31009 0.59517 0.00000
-65.33607 0.05022 0.31013 0.59533 0.00000
-65.29232 0.05050 0.31018 0.59547 0.00000
-65.24987 0.05077 0.31024 0.59558 0.00000
-65.20872 0.05103 0.31031 0.59568 0.00000
-65.16886 0.05129 0.31039 0.59576 0.00000
-65.13029 0.05154 0.31048 0.59583 0.00000
-65.09302 0.05179 0.31058 0.59588 0.00000
-65.05703 0.05202 0.31069 0.59591 0.00000
-65.02233 0.05225 0.31081 0.59593 0.00000
-64.98892 0.05248 0.31093 0.59594 0.00000
-64.95679 0.05270 0.31106 0.59593 0.00000
-64.92593 0.05291 0.31120 0.59590 0.00000
-64.89635 0.05311 0.31134 0.59587 0.00000
-64.86803 0.05330 0.31149 0.59583 0.00000
-64.84097 0.05349 0.31164 0.59577 0.00000
-64.81517 0.05367 0.31180 0.59570 0.00000
-64.79062 0.05385 0.31196 0.59563 0.00000
-64.76731 0.05401 0.31212 0.59554 0.00000
-64.74523 0.05417 0.31229 0.59545 0.00000
-64.72437 0.05432 0.31247 0.59535 0.00000
-64.70472 0.05447 0.31264 0.59524 0.00000
-64.68628 0.05460 0.31282 0.59512 0.00000
-64.66902 0.05473 0.31300 0.59500 0.00000
-64.65295 0.05485 0.31318 0.59488 0.00000
-64.63804 0.05497 0.31336 0.59475 0.00000
-64.62428 0.05508 0.31354 0.59461 0.00000
-64.61165 0.05518 0.31372 0.59447 0.00000
-64.60015 0.05527 0.31390 0.59433 0.00000
-64.58974 0.05535 0.31409 0.59418 0.00000
-64.58042 0.05543 0.31427 0.59403 0.00000
-64.57217 0.05550 0.31445 0.59388 0.00000
-64.56496 0.05557 0.31463 0.59373 0.00000
-64.55877 0.05562 0.31481 0.59358 0.00000
-64.55358 0.05567 0.31498 0.59343 0.00000
-64.54938 0.05572 0.31516 0.59327 0.00000
-64.54613 0.05575 0.31533 0.59312 0.00000
-64.54381 0.05578 0.31550 0.59297 0.00000
-64.54239 0.05581 0.31567 0.59282 0.00000
-64.54186 0.05583 0.31583 0.59267 0.00000
-64.54217 0.05584 0.31600 0.59252 0.00000
-64.54331 0.05584 0.31616 0.59237 0.00000
-64.54525 0.05585 0.31631 0.59223 0.00000
-64.54795 0.05584 0.31646 0.59209 0.00000
-64.55138 0.05583 0.31661 0.59195 0.00000
-64.55553 0.05582 0.31676 0.59181 0.00000
-64.56034 0.05580 0.31690 0.59168 0.00000
-64.56581 0.05577 0.31703 0.59155 0.00000
-64.57188 0.05574 0.31717 0.59143 0.00000
-64.57853 0.05571 0.31729 0.59131 0.00000
-64.58574 0.05567 0.31742 0.59119 0.00000
-64.59345 0.05563 0.31754 0.59108 0.00000
-64.60165 0.05558 0.31765 0.59097 0.00000
-64.61031 0.05554 0.31776 0.59087 0.00000
-64.61938 0.05548 0.31787 0.59078 0.00000
-64.62883 0.05543 0.31797 0.59068 0.00000
-64.63864 0.05537 0.31807 0.59060 0.00000
-64.64878 0.05531 0.31816 0.59051 0.00000
-64.65920 0.05525 0.31825 0.59044 0.00000
-64.66988 0.05519 0.31833 0.59037 0.00000
-64.68080 0.05512 0.31841 0.59030 0.00000
-64.69191 0.05505 0.31849 0.59024 0.00000
-64.70319 0.05498 0.31856 0.59018 0.00000
-64.71461 0.05491 0.31862 0.59013 0.00000
-64.72614 0.05484 0.31868 0.59009 0.00000
-64.73776 0.05477 0.31874 0.59005 0.00000
-64.74944 0.05469 0.31879 0.59002 0.00000
-64.76115 0.05462 0.31884 0.58999 0.00000
-64.77287 0.05455 0.31888 0.58996 0.00000
-64.78457 0.05447 0.31892 0.58994 0.00000
-64.79623 0.05440 0.31896 0.58993 0.00000
-64.80783 0.05432 0.31899 0.58992 0.00000
-64.81934 0.05425 0.31902 0.58992 0.00000
-64.83075 0.05417 0.31904 0.58992 0.00000
-64.84204 0.05410 0.31906 0.58992 0.00000
-64.85319 0.05403 0.31908 0.58993 0.00000
-64.86418 0.05396 0.31910 0.58995 0.00000
-64.87499 0.05389 0.31911 0.58997 0.00000
-64.88562 0.05382 0.31911 0.58999 0.00000
-64.89605 0.05375 0.31912 0.59002 0.00000
-64.90625 0.05368 0.31912 0.59005 0.00000
-64.91623 0.05361 0.31912 0.59008 0.00000
-64.92598 0.05355 0.31911 0.59012 0.00000
-64.93547 0.05349 0.31911 0.59016 0.00000
-64.94470 0.05342 0.31910 0.59021 0.00000
-64.95367 0.05336 0.31909 0.59026 0.00000
-64.96236 0.05330 0.31907 0.59031 0.00000
-64.97077 0.05325 0.31906 0.59036 0.00000
-64.97890 0.05319 0.31904 0.59042 0.00000
-64.98674 0.05314 0.31902 0.59048 0.00000
-64.99428 0.05309 0.31900 0.59054 0.00000
-65.00153 0.05304 0.31897 0.59060 0.00000
-65.00848 0.05299 0.31895 0.59067 0.00000
-65.01513 0.05294 0.31892 0.59074 0.00000
-65.02148 0.05290 0.31889 0.59081 0.00000
-65.02752 0.05286 0.31886 0.59088 0.00000
-65.03327 0.05282 0.31883 0.59096 0.00000
-65.03872 0.05278 0.31880 0.59103 0.00000
-65.04387 0.05274 0.31877 0.59111 0.00000
-65.04872 0.05271 0.31874 0.59118 0.00000
-65.05328 0.05268 0.31871 0.59126 0.00000
-65.05756 0.05265 0.31867 0.59134 0.00000
-65.06154 0.05262 0.31864 0.59142 0.00000
-65.06525 0.05259 0.31860 0.59150 0.00000
-65.06868 0.05256 0.31857 0.59158 0.00000
-65.07184 0.05254 0.31853 0.59167 0.00000
-65.07473 0.05252 0.31850 0.59175 0.00000
-65.07736 0.05250 0.31846 0.59183 0.00000
-65.07974 0.05248 0.31842 0.59191 0.00000
-65.08187 0.05246 0.31839 0.59199 0.00000
-65.08375 0.05245 0.31835 0.59208 0.00000
-65.08540 0.05243 0.31832 0.59216 0.00000
-65.08682 0.05242 0.31828 0.59224 0.00000
-65.08801 0.05241 0.31824 0.59232 0.00000
-65.08899 0.05240 0.31821 0.59240 0.00000
-65.08976 0.05239 0.31818 0.59248 0.00000
-65.09033 0.05239 0.31814 0.59256 0.00000
-65.09071 0.05238 0.31811 0.59264 0.00000
-65.09090 0.05238 0.31807 0.59271 0.00000
-65.09091 0.05237 0.31804 0.59279 0.00000
-65.09075 0.05237 0.31801 0.59287 0.00000
-65.09042 0.05237 0.31798 0.59294 0.00000
-65.08994 0.05237 0.31795 0.59302 0.00000
-65.08930 0.05237 0.31792 0.59309 0.00000
-65.08853 0.05238 0.31789 0.59316 0.00000
-65.08762 0.05238 0.31786 0.59323 0.00000
-65.08658 0.05238 0.31783 0.59330 0.00000
-65.08542 0.05239 0.31781 0.59337 0.00000
-65.08414 0.05239 0.31778 0.59343 0.00000
-65.08276 0.05240 0.31776 0.59350 0.00000
-65.08128 0.05241 0.31773 0.59356 0.00000
-65.07971 0.05242 0.31771 0.59363 0.00000
-65.07805 0.05243 0.31769 0.59369 0.00000
-65.07631 0.05244 0.31766 0.59375 0.00000
-65.07449 0.05245 0.31764 0.59381 0.00000
-65.07261 0.05246 0.31762 0.59386 0.00000
-65.07067 0.05247 0.31760 0.59392 0.00000
-65.06867 0.05248 0.31759 0.59397 0.00000
-65.06662 0.05249 0.31757 0.59403 0.00000
-65.06453 0.05250 0.31755 0.59408 0.00000
-65.06241 0.05251 0.31754 0.59413 0.00000
-65.06024 0.05253 0.31752 0.59417 0.00000
-65.05806 0.05254 0.31751 0.59422 0.00000
-65.05584 0.05255 0.31750 0.59427 0.00000
-65.05362 0.05257 0.31749 0.59431 0.00000
-65.05137 0.05258 0.31747 0.59435 0.00000
-65.04913 0.05259 0.31746 0.59439 0.00000
-65.04687 0.05261 0.31745 0.59443 0.00000
-65.04462 0.05262 0.31745 0.59447 0.00000
-65.04237 0.05264 0.31744 0.59451 0.00000
-65.04013 0.05265 0.31743 0.59455 0.00000
-65.03790 0.05266 0.31742 0.59458 0.00000
-65.03569 0.05268 0.31742 0.59461 0.00000
-65.03349 0.05269 0.31741 0.59464 0.00000
-65.03132 0.05270 0.31741 0.59467 0.00000
-65.02917 0.05272 0.31741 0.59470 0.00000
-65.02705 0.05273 0.31740 0.59473 0.00000
-65.02496 0.05275 0.31740 0.59476 0.00000
-65.02291 0.05276 0.31740 0.59478 0.00000
-65.02089 0.05277 0.31740 0.59481 0.00000
-65.01890 0.05278 0.31740 0.59483 0.00000
-65.01696 0.05280 0.31740 0.59485 0.00000
-65.01506 0.05281 0.31740 0.59488 0.00000
-65.01320 0.05282 0.31740 0.59490 0.00000
-65.01138 0.05283 0.31740 0.59492 0.00000
-65.00962 0.05285 0.31740 0.59493 0.00000
-65.00790 0.05286 0.31741 0.59495 0.00000
-65.00623 0.05287 0.31741 0.59497 0.00000
-65.00461 0.05288 0.31741 0.59498 0.00000
-65.00304 0.05289 0.31742 0.59500 0.00000
-65.00152 0.05290 0.31742 0.59501 0.00000
-65.00006 0.05291 0.31742 0.59503 0.00000
-64.99864 0.05292 0.31743 0.59504 0.00000
-64.99728 0.05293 0.31743 0.59505 0.00000
-64.99598 0.05294 0.31744 0.59506 0.00000
-64.99473 0.05295 0.31745 0.59507 0.00000
-64.99353 0.05295 0.31745 0.59508 0.00000
-64.99239 0.05296 0.31746 0.59509 0.00000
-64.99130 0.05297 0.31746 0.59510 0.00000
-64.99027 0.05298 0.31747 0.59511 0.00000
-64.98929 0.05298 0.31748 0.59512 0.00000
-64.98836 0.05299 0.31748 0.59512 0.00000
-64.98748 0.05300 0.31749 0.59513 0.00000
-64.98666 0.05300 0.31750 0.59514 0.00000
-64.98589 0.05301 0.31750 0.59514 0.00000
-64.98517 0.05301 0.31751 0.59515 0.00000
-64.98450 0.05302 0.31752 0.59515 0.00000
-64.98388 0.05302 0.31753 0.59516 0.00000
-64.98331 0.05303 0.31753 0.59516 0.00000
-64.98279 0.05303 0.31754 0.59517 0.00000
-64.98231 0.05303 0.31755 0.59517 0.00000
-64.98189 0.05304 0.31755 0.59517 0.00000
-64.98150 0.05304 0.31756 0.59518 0.00000
-64.98116 0.05304 0.31757 0.59518 0.00000
-64.98086 0.05305 0.31758 0.59518 0.00000
-64.98060 0.05305 0.31758 0.59519 0.00000
-64.98039 0.05305 0.31759 0.59519 0.00000
-64.98021 0.05305 0.31760 0.59519 0.00000
-64.98007 0.05305 0.31761 0.59520 0.00000
-64.97997 0.05306 0.31761 0.59520 0.00000
-64.97990 0.05306 0.31762 0.59520 0.00000
-64.97987 0.05306 0.31763 0.59520 0.00000
-64.97987 0.05306 0.31763 0.59521 0.00000
-64.97990 0.05306 0.31764 0.59521 0.00000
-64.97996 0.05306 0.31764 0.59521 0.00000
-64.98005 0.05306 0.31765 0.59521 0.00000
-64.98016 0.05306 0.31766 0.59522 0.00000
-64.98031 0.05306 0.31766 0.59522 0.00000
-64.98048 0.05306 0.31767 0.59522 0.00000
-64.98067 0.05306 0.31767 0.59522 0.00000
-64.98088 0.05305 0.31768 0.59523 0.00000
-64.98112 0.05305 0.31768 0.59523 0.00000
-64.98137 0.05305 0.31769 0.59523 0.00000
-64.98165 0.05305 0.31769 0.59523 0.00000
-64.98194 0.05305 0.31770 0.59524 0.00000
-64.98225 0.05305 0.31770 0.59524 0.00000
-64.98257 0.05305 0.31771 0.59524 0.00000
-64.98291 0.05304 0.31771 0.59525 0.00000
-64.98325 0.05304 0.31772 0.59525 0.00000
-64.98361 0.05304 0.31772 0.59525 0.00000
-64.98398 0.05304 0.31772 0.59526 0.00000
-64.98436 0.05304 0.31773 0.59526 0.00000
-64.98475 0.05303 0.31773 0.59526 0.00000
-64.98514 0.05303 0.31773 0.59527 0.00000
-64.98554 0.05303 0.31774 0.59527 0.00000
-64.98594 0.05303 0.31774 0.59528 0.00000
-64.98635 0.05302 0.31774 0.59528 0.00000
-64.98677 0.05302 0.31775 0.59528 0.00000
-64.98718 0.05302 0.31775 0.59529 0.00000
-64.98759 0.05302 0.31775 0.59529 0.00000
-64.98801 0.05301 0.31775 0.59530 0.00000
-64.98842 0.05301 0.31775 0.59530 0.00000
-64.98884 0.05301 0.31776 0.59531 0.00000
-64.98925 0.05301 0.31776 0.59531 0.00000
-64.98966 0.05300 0.31776 0.59532 0.00000
-64.99007 0.05300 0.31776 0.59532 0.00000
-64.99047 0.05300 0.31776 0.59533 0.00000
-64.99087 0.05300 0.31776 0.59533 0.00000
-64.99126 0.05299 0.31776 0.59534 0.00000
-64.99165 0.05299 0.31776 0.59534 0.00000
-64.99203 0.05299 0.31776 0.59535 0.00000
-64.99241 0.05299 0.31777 0.59536 0.00000
-64.99278 0.05298 0.31777 0.59536 0.00000
-64.99314 0.05298 0.31777 0.59537 0.00000
-64.99349 0.05298 0.31777 0.59537 0.00000
-64.99384 0.05298 0.31777 0.59538 0.00000
-64.99418 0.05297 0.31777 0.59539 0.00000
-64.99450 0.05297 0.31777 0.59539 0.00000
-64.99482 0.05297 0.31777 0.59540 0.00000
-64.99513 0.05297 0.31777 0.59541 0.00000
-64.99543 0.05297 0.31777 0.59541 0.00000
-64.99573 0.05296 0.31777 0.59542 0.00000
-64.99601 0.05296 0.31777 0.59543 0.00000
-64.99628 0.05296 0.31776 0.59543 0.00000
-64.99654 0.05296 0.31776 0.59544 0.00000
-64.99679 0.05296 0.31776 0.59544 0.00000
-64.99703 0.05295 0.31776 0.59545 0.00000
-64.99726 0.05295 0.31776 0.59546 0.00000
-64.99748 0.05295 0.31776 0.59546 0.00000
-64.99770 0.05295 0.31776 0.59547 0.00000
-64.99790 0.05295 0.31776 0.59548 0.00000
-64.99809 0.05295 0.31776 0.59548 0.00000
-64.99827 0.05295 0.31776 0.59549 0.00000
-64.99844 0.05295 0.31776 0.59550 0.00000
-64.99860 0.05294 0.31776 0.59550 0.00000
-64.99875 0.05294 0.31775 0.59551 0.00000
-64.99889 0.05294 0.31775 0.59552 0.00000
-64.99902 0.05294 0.31775 0.59552 0.00000
-64.99914 0.05294 0.31775 0.59553 0.00000
-64.99925 0.05294 0.31775 0.59554 0.00000
-64.99935 0.05294 0.31775 0.59554 0.00000
-64.99944 0.05294 0.31775 0.59555 0.00000
-64.99953 0.05294 0.31775 0.59556 0.00000
-64.99960 0.05294 0.31775 0.59556 0.00000
-64.99967 0.05294 0.31774 0.59557 0.00000
-64.99973 0.05294 0.31774 0.59558 0.00000
-64.99978 0.05293 0.31774 0.59558 0.00000
-64.99982 0.05293 0.31774 0.59559 0.00000
-64.99986 0.05293 0.31774 0.59559 0.00000
-64.99989 0.05293 0.31774 0.59560 0.00000
-64.99991 0.05293 0.31774 0.59561 0.00000
-64.99992 0.05293 0.31774 0.59561 0.00000
-64.99993 0.05293 0.31774 0.59562 0.00000
-64.99993 0.05293 0.31773 0.59562 0.00000
-64.99992 0.05293 0.31773 0.59563 0.00000
-64.99869 0.05293 0.31773 0.59564 0.02500
-64.99509 0.05294 0.31773 0.59564 0.05000
-64.98925 0.05295 0.31773 0.59564 0.07500
-64.98125 0.05298 0.31774 0.59564 0.10000
-64.97119 0.05301 0.31774 0.59564 0.12500
-64.95912 0.05306 0.31775 0.59563 0.15000
-64.94513 0.05312 0.31776 0.59562 0.17500
-64.92927 0.05319 0.31778 0.59560 0.20000
-64.91162 0.05328 0.31780 0.59557 0.22500
-64.89224 0.05337 0.31782 0.59554 0.25000
-64.87119 0.05348 0.31785 0.59549 0.27500
-64.84853 0.05359 0.31789 0.59544 0.30000
-64.82432 0.05372 0.31793 0.59539 0.32500
-64.79863 0.05386 0.31798 0.59532 0.35000
-64.77151 0.05401 0.31803 0.59524 0.37500
-64.74302 0.05417 0.31810 0.59515 0.40000
-64.71323 0.05433 0.31816 0.59505 0.42500
-64.68218 0.05451 0.31824 0.59494 0.45000
-64.64994 0.05470 0.31832 0.59481 0.47500
-64.61657 0.05489 0.31841 0.59468 0.50000
-64.58211 0.05510 0.31851 0.59453 0.52500
-64.54662 0.05531 0.31862 0.59437 0.55000
-64.51016 0.05553 0.31873 0.59420 0.57500
-64.47277 0.05576 0.31886 0.59401 0.60000
-64.43450 0.05599 0.31899 0.59381 0.62500
-64.39541 0.05623 0.31913 0.59359 0.65000
-64.35555 0.05648 0.31928 0.59336 0.67500
-64.31495 0.05673 0.31944 0.59312 0.70000
-64.27367 0.05700 0.31960 0.59286 0.72500
-64.23176 0.05726 0.31978 0.59259 0.75000
-64.18925 0.05754 0.31996 0.59231 0.77500
-64.14619 0.05781 0.32016 0.59200 0.80000
-64.10262 0.05810 0.32036 0.59169 0.82500
-64.05858 0.05839 0.32057 0.59136 0.85000
-64.01412 0.05868 0.32079 0.59101 0.87500
-63.96926 0.05898 0.32102 0.59065 0.90000
-63.92406 0.05928 0.32125 0.59028 0.92500
-63.87855 0.05959 0.32150 0.58989 0.95000
-63.83277 0.05990 0.32175 0.58948 0.97500
-63.78675 0.06022 0.32202 0.58906 1.00000
-63.74052 0.06053 0.32229 0.58863 1.02500
-63.69413 0.06085 0.32257 0.58818 1.05000
-63.64760 0.06118 0.32286 0.58771 1.07500
-63.60098 0.06151 0.32315 0.58723 1.10000
-63.55429 0.06184 0.32346 0.58674 1.12500
-63.50756 0.06217 0.32377 0.58623 1.15000
-63.46083 0.06250 0.32409 0.58571 1.17500
-63.41413 0.06284 0.32442 0.58517 1.20000
-63.36750 0.06318 0.32475 0.58462 1.22500
-63.32095 0.06352 0.32510 0.58406 1.25000
-63.27452 0.06386 0.32545 0.58348 1.27500
-63.22825 0.06420 0.32580 0.58289 1.30000
-63.18215 0.06454 0.32617 0.58228 1.32500
-63.13627 0.06489 0.32654 0.58167 1.35000
-63.09062 0.06523 0.32692 0.58104 1.37500
-63.04524 0.06558 0.32730 0.58039 1.40000
-63.00016 0.06592 0.32769 0.57974 1.42500
-62.95541 0.06626 0.32809 0.57907 1.45000
-62.91101 0.06661 0.32849 0.57839 1.47500
-62.86699 0.06695 0.32890 0.57770 1.50000
-62.82338 0.06729 0.32931 0.57700 1.52500
-62.78020 0.06763 0.32973 0.57629 1.55000
-62.73750 0.06797 0.33016 0.57556 1.57500
-62.69529 0.06831 0.33058 0.57483 1.60000
-62.65360 0.06864 0.33102 0.57409 1.62500
-62.61246 0.06897 0.33145 0.57333 1.65000
-62.57190 0.06930 0.33190 0.57257 1.67500
-62.53194 0.06963 0.33234 0.57180 1.70000
-62.49262 0.06996 0.33279 0.57102 1.72500
-62.45396 0.07028 0.33324 0.57023 1.75000
-62.41598 0.07059 0.33370 0.56943 1.77500
-62.37873 0.07091 0.33415 0.56863 1.80000
-62.34221 0.07122 0.33461 0.56782 1.82500
-62.30647 0.07152 0.33508 0.56700 1.85000
-62.27153 0.07182 0.33554 0.56618 1.87500
-62.23741 0.07212 0.33601 0.56535 1.90000
-62.20415 0.07241 0.33647 0.56451 1.92500
-62.17177 0.07269 0.33694 0.56368 1.95000
-62.14029 0.07297 0.33741 0.56283 1.97500
-62.10974 0.07324 0.33788 0.56198 2.00000
-62.08015 0.07351 0.33835 0.56113 2.02500
-62.05155 0.07377 0.33882 0.56028 2.05000
-62.02395 0.07402 0.33929 0.55942 2.07500
-61.99738 0.07426 0.33976 0.55856 2.10000
-61.97187 0.07450 0.34023 0.55771 2.12500
-61.94744 0.07473 0.34070 0.55684 2.15000
-61.92410 0.07495 0.34116 0.55598 2.17500
-61.90188 0.07517 0.34163 0.55512 2.20000
-61.88080 0.07537 0.34209 0.55426 2.22500
-61.86088 0.07557 0.34255 0.55340 2.25000
-61.84213 0.07575 0.34301 0.55254 2.27500
-61.82458 0.07593 0.34346 0.55169 2.30000
-61.80822 0.07610 0.34391 0.55084 2.32500
-61.79307 0.07625 0.34436 0.54999 2.35000
-61.77915 0.07640 0.34480 0.54914 2.37500
-61.76647 0.07654 0.34524 0.54830 2.40000
-61.75501 0.07667 0.34567 0.54746 2.42500
-61.74480 0.07679 0.34610 0.54663 2.45000
-61.73583 0.07689 0.34652 0.54581 2.47500
-61.72809 0.07699 0.34694 0.54499 2.50000
-61.72159 0.07707 0.34735 0.54417 2.52500
-61.71631 0.07715 0.34776 0.54337 2.55000
-61.71225 0.07722 0.34816 0.54257 2.57500
-61.70939 0.07727 0.34855 0.54178 2.60000
-61.70771 0.07731 0.34894 0.54100 2.62500
-61.70719 0.07735 0.34932 0.54023 2.65000
-61.70782 0.07737 0.34969 0.53947 2.67500
-61.70955 0.07738 0.35006 0.53872 2.70000
-61.71236 0.07738 0.35042 0.53797 2.72500
-61.71622 0.07738 0.35077 0.53724 2.75000
-61.72109 0.07736 0.35111 0.53652 2.77500
-61.72693 0.07734 0.35144 0.53581 2.80000
-61.73368 0.07730 0.35177 0.53512 2.82500
-61.74132 0.07726 0.35209 0.53443 2.85000
-61.74977 0.07721 0.35239 0.53376 2.87500
-61.75900 0.07715 0.35270 0.53310 2.90000
-61.76893 0.07708 0.35299 0.53245 2.92500
-61.77952 0.07701 0.35327 0.53182 2.95000
-61.79070 0.07693 0.35355 0.53119 2.97500
-61.80240 0.07684 0.35381 0.53058 3.00000
-61.81457 0.07675 0.35407 0.52999 3.02500
-61.82712 0.07665 0.35432 0.52940 3.05000
-61.83999 0.07655 0.35456 0.52883 3.07500
-61.85311 0.07645 0.35479 0.52827 3.10000
-61.86641 0.07634 0.35502 0.52773 3.12500
-61.87981 0.07623 0.35523 0.52720 3.15000
-61.89325 0.07612 0.35544 0.52668 3.17500
-61.90664 0.07601 0.35564 0.52617 3.20000
-61.91992 0.07589 0.35583 0.52568 3.22500
-61.93302 0.07578 0.35601 0.52519 3.25000
-61.94585 0.07567 0.35619 0.52472 3.27500
-61.95837 0.07556 0.35636 0.52426 3.30000
-61.97048 0.07545 0.35652 0.52381 3.32500
-61.98214 0.07534 0.35668 0.52338 3.35000
-61.99328 0.07524 0.35683 0.52295 3.37500
-62.00383 0.07514 0.35697 0.52253 3.40000
-62.01374 0.07504 0.35711 0.52212 3.42500
-62.02295 0.07495 0.35725 0.52173 3.45000
-62.03141 0.07486 0.35737 0.52134 3.47500
-62.03907 0.07478 0.35750 0.52096 3.50000
-62.04588 0.07471 0.35761 0.52058 3.52500
-62.05179 0.07464 0.35773 0.52022 3.55000
-62.05678 0.07458 0.35784 0.51986 3.57500
-62.06079 0.07452 0.35795 0.51951 3.60000
-62.06381 0.07448 0.35805 0.51916 3.62500
-62.06579 0.07444 0.35815 0.51882 3.65000
-62.06672 0.07441 0.35825 0.51848 3.67500
-62.06657 0.07439 0.35835 0.51815 3.70000
-62.06533 0.07437 0.35844 0.51782 3.72500
-62.06297 0.07437 0.35854 0.51750 3.75000
-62.05949 0.07437 0.35863 0.51718 3.77500
-62.05488 0.07439 0.35872 0.51686 3.80000
-62.04913 0.07441 0.35882 0.51654 3.82500
-62.04223 0.07444 0.35891 0.51622 3.85000
-62.03420 0.07448 0.35900 0.51590 3.87500
-62.02504 0.07454 0.35909 0.51559 3.90000
-62.01474 0.07460 0.35919 0.51527 3.92500
-62.00332 0.07467 0.35929 0.51495 3.95000
-61.99079 0.07475 0.35938 0.51463 3.97500
-61.97716 0.07484 0.35949 0.51431 4.00000
-61.96245 0.07494 0.35959 0.51399 4.02500
-61.94668 0.07504 0.35969 0.51366 4.05000
-61.92986 0.07516 0.35980 0.51333 4.07500
-61.91202 0.07529 0.35991 0.51299 4.10000
-61.89318 0.07543 0.36003 0.51266 4.12500
-61.87336 0.07557 0.36015 0.51231 4.15000
-61.85259 0.07573 0.36027 0.51197 4.17500
-61.83090 0.07589 0.36039 0.51161 4.20000
-61.80832 0.07606 0.36052 0.51126 4.22500
-61.78487 0.07624 0.36066 0.51089 4.25000
-61.76059 0.07643 0.36080 0.51052 4.27500
-61.73550 0.07662 0.36094 0.51014 4.30000
-61.70965 0.07683 0.36109 0.50976 4.32500
-61.68306 0.07704 0.36125 0.50937 4.35000
-61.65576 0.07726 0.36141 0.50897 4.37500
-61.62779 0.07748 0.36157 0.50856 4.40000
-61.59919 0.07772 0.36174 0.50815 4.42500
-61.56999 0.07796 0.36192 0.50773 4.45000
-61.54023 0.07820 0.36210 0.50730 4.47500
-61.50993 0.07845 0.36229 0.50686 4.50000
-61.47915 0.07871 0.36248 0.50641 4.52500
-61.44791 0.07897 0.36268 0.50596 4.55000
-61.41625 0.07924 0.36288 0.50549 4.57500
-61.38422 0.07952 0.36309 0.50502 4.60000
-61.35184 0.07979 0.36331 0.50454 4.62500
-61.31915 0.08008 0.36353 0.50405 4.65000
-61.28620 0.08036 0.36376 0.50355 4.67500
-61.25301 0.08066 0.36399 0.50304 4.70000
-61.21964 0.08095 0.36423 0.50253 4.72500
-61.18611 0.08125 0.36447 0.50200 4.75000
-61.15247 0.08155 0.36472 0.50147 4.77500
-61.11875 0.08185 0.36498 0.50092 4.80000
-61.08500 0.08216 0.36524 0.50037 4.82500
-61.05124 0.08246 0.36550 0.49981 4.85000
-61.01753 0.08277 0.36578 0.49924 4.87500
-60.98390 0.08308 0.36605 0.49866 4.90000
-60.95039 0.08339 0.36633 0.49808 4.92500
-60.91704 0.08371 0.36662 0.49748 4.95000
-60.88389 0.08402 0.36691 0.49688 4.97500
-60.85098 0.08433 0.36721 0.49627 5.00000
-60.81835 0.08464 0.36751 0.49565 5.02500
-60.78603 0.08495 0.36781 0.49503 5.05000
-60.75408 0.08526 0.36812 0.49440 5.07500
-60.72254 0.08557 0.36843 0.49376 5.10000
-60.69143 0.08587 0.36875 0.49311 5.12500
-60.66081 0.08618 0.36907 0.49246 5.15000
-60.63071 0.08647 0.36939 0.49181 5.17500
-60.60117 0.08677 0.36972 0.49114 5.20000
-60.57225 0.08706 0.37005 0.49047 5.22500
-60.54397 0.08735 0.37038 0.48980 5.25000
-60.51639 0.08763 0.37071 0.48913 5.27500
-60.48953 0.08791 0.37105 0.48844 5.30000
-60.46344 0.08819 0.37138 0.48776 5.32500
-60.43817 0.08845 0.37172 0.48707 5.35000
-60.41376 0.08871 0.37206 0.48638 5.37500
-60.39023 0.08897 0.37240 0.48569 5.40000
-60.36764 0.08921 0.37275 0.48499 5.42500
-60.34603 0.08945 0.37309 0.48429 5.45000
-60.32542 0.08968 0.37343 0.48360 5.47500
-60.30587 0.08990 0.37377 0.48290 5.50000
-60.28739 0.09011 0.37411 0.48220 5.52500
-60.27005 0.09031 0.37445 0.48150 5.55000
-60.25385 0.09051 0.37479 0.48080 5.57500
-60.23885 0.09069 0.37513 0.48011 5.60000
-60.22506 0.09086 0.37546 0.47942 5.62500
-60.21252 0.09102 0.37580 0.47873 5.65000
-60.20126 0.09117 0.37613 0.47804 5.67500
-60.19129 0.09131 0.37645 0.47736 5.70000
-60.18265 0.09143 0.37678 0.47668 5.72500
-60.17534 0.09154 0.37710 0.47600 5.75000
-60.16940 0.09164 0.37741 0.47534 5.77500
-60.16481 0.09172 0.37772 0.47467 5.80000
-60.16161 0.09180 0.37803 0.47402 5.82500
-60.15979 0.09186 0.37833 0.47337 5.85000
-60.15934 0.09190 0.37863 0.47273 5.87500
-60.16028 0.09193 0.37892 0.47210 5.90000
-60.16258 0.09195 0.37920 0.47147 5.92500
-60.16624 0.09195 0.37948 0.47086 5.95000
-60.17123 0.09194 0.37975 0.47026 5.97500
-60.17754 0.09192 0.38001 0.46966 6.00000
-60.18512 0.09188 0.38027 0.46908 6.02500
-60.19396 0.09183 0.38052 0.46851 6.05000
-60.20400 0.09177 0.38076 0.46795 6.07500
-60.21520 0.09169 0.38099 0.46741 6.10000
-60.22751 0.09161 0.38122 0.46687 6.12500
-60.24086 0.09151 0.38144 0.46635 6.15000
-60.25521 0.09139 0.38165 0.46584 6.17500
-60.27047 0.09127 0.38185 0.46535 6.20000
-60.28657 0.09114 0.38204 0.46486 6.22500
-60.30344 0.09100 0.38222 0.46440 6.25000
-60.32098 0.09085 0.38239 0.46394 6.27500
-60.33912 0.09069 0.38256 0.46350 6.30000
-60.35777 0.09052 0.38272 0.46308 6.32500
-60.37681 0.09035 0.38286 0.46267 6.35000
-60.39616 0.09017 0.38300 0.46227 6.37500
-60.41572 0.08999 0.38313 0.46188 6.40000
-60.43539 0.08980 0.38325 0.46152 6.42500
-60.45505 0.08961 0.38337 0.46116 6.45000
-60.47460 0.08942 0.38347 0.46082 6.47500
-60.49395 0.08923 0.38357 0.46049 6.50000
-60.51298 0.08904 0.38366 0.46017 6.52500
-60.53159 0.08885 0.38374 0.45987 6.55000
-60.54968 0.08867 0.38382 0.45958 6.57500
-60.56715 0.08849 0.38388 0.45930 6.60000
-60.58390 0.08831 0.38395 0.45903 6.62500
-60.59984 0.08814 0.38400 0.45877 6.65000
-60.61487 0.08797 0.38405 0.45853 6.67500
-60.62892 0.08781 0.38409 0.45829 6.70000
-60.64190 0.08766 0.38413 0.45806 6.72500
-60.65374 0.08752 0.38417 0.45784 6.75000
-60.66436 0.08738 0.38420 0.45763 6.77500
-60.67369 0.08726 0.38422 0.45743 6.80000
-60.68168 0.08715 0.38425 0.45723 6.82500
-60.68827 0.08705 0.38427 0.45704 6.85000
-60.69341 0.08697 0.38429 0.45685 6.87500
-60.69706 0.08689 0.38431 0.45667 6.90000
-60.69918 0.08683 0.38432 0.45649 6.92500
-60.69974 0.08679 0.38434 0.45632 6.95000
-60.69872 0.08676 0.38435 0.45614 6.97500
-60.69609 0.08674 0.38437 0.45597 7.00000
-60.69184 0.08674 0.38438 0.45580 7.02500
-60.68596 0.08675 0.38440 0.45563 7.05000
-60.67844 0.08678 0.38442 0.45545 7.07500
-60.66929 0.08682 0.38444 0.45528 7.10000
-60.65851 0.08688 0.38446 0.45510 7.12500
-60.64612 0.08695 0.38449 0.45492 7.15000
-60.63212 0.08704 0.38452 0.45474 7.17500
-60.61653 0.08715 0.38456 0.45455 7.20000
-60.59938 0.08727 0.38459 0.45436 7.22500
-60.58069 0.08741 0.38464 0.45416 7.25000
-60.56049 0.08756 0.38469 0.45396 7.27500
-60.53881 0.08773 0.38474 0.45374 7.30000
-60.51568 0.08791 0.38480 0.45352 7.32500
-60.49114 0.08811 0.38487 0.45330 7.35000
-60.46523 0.08832 0.38494 0.45306 7.37500
-60.43798 0.08854 0.38502 0.45282 7.40000
-60.40945 0.08878 0.38510 0.45256 7.42500
-60.37967 0.08904 0.38520 0.45230 7.45000
-60.34869 0.08930 0.38530 0.45202 7.47500
-60.31656 0.08959 0.38541 0.45174 7.50000
-60.28333 0.08988 0.38552 0.45144 7.52500
-60.24903 0.09019 0.38565 0.45113 7.55000
-60.21373 0.09050 0.38578 0.45081 7.57500
-60.17748 0.09083 0.38592 0.45048 7.60000
-60.14032 0.09118 0.38607 0.45013 7.62500
-60.10231 0.09153 0.38623 0.44978 7.65000
-60.06350 0.09189 0.38640 0.44940 7.67500
-60.02394 0.09227 0.38658 0.44902 7.70000
-59.98369 0.09265 0.38676 0.44862 7.72500
-59.94281 0.09304 0.38696 0.44821 7.75000
-59.90134 0.09344 0.38716 0.44778 7.77500
-59.85934 0.09385 0.38737 0.44734 7.80000
-59.81687 0.09427 0.38759 0.44689 7.82500
-59.77399 0.09470 0.38782 0.44642 7.85000
-59.73074 0.09513 0.38806 0.44594 7.87500
-59.68720 0.09557 0.38831 0.44545 7.90000
-59.64342 0.09601 0.38857 0.44494 7.92500
-59.59945 0.09646 0.38884 0.44442 7.95000
-59.55536 0.09692 0.38911 0.44388 7.97500
-59.51121 0.09738 0.38939 0.44333 8.00000
-59.46707 0.09784 0.38968 0.44277 8.02500
-59.42298 0.09830 0.38998 0.44219 8.05000
-59.37903 0.09877 0.39029 0.44160 8.07500
-59.33527 0.09924 0.39061 0.44100 8.10000
-59.29177 0.09971 0.39093 0.44038 8.12500
-59.24861 0.10019 0.39126 0.43976 8.15000
-59.20584 0.10066 0.39160 0.43912 8.17500
-59.16355 0.10113 0.39194 0.43847 8.20000
-59.12182 0.10160 0.39229 0.43780 8.22500
-59.08071 0.10206 0.39265 0.43713 8.25000
-59.04030 0.10253 0.39301 0.43645 8.27500
-59.00068 0.10298 0.39338 0.43575 8.30000
-58.96194 0.10344 0.39376 0.43505 8.32500
-58.92415 0.10388 0.39414 0.43434 8.35000
-58.88741 0.10432 0.39452 0.43362 8.37500
-58.85181 0.10475 0.39491 0.43289 8.40000
-58.81745 0.10518 0.39530 0.43216 8.42500
-58.78442 0.10559 0.39569 0.43142 8.45000
-58.75283 0.10599 0.39609 0.43067 8.47500
-58.72278 0.10638 0.39649 0.42992 8.50000
-58.69437 0.10675 0.39689 0.42917 8.52500
-58.66772 0.10711 0.39729 0.42841 8.55000
-58.64293 0.10745 0.39769 0.42766 8.57500
-58.62013 0.10777 0.39809 0.42690 8.60000
-58.59942 0.10808 0.39849 0.42614 8.62500
-58.58094 0.10836 0.39889 0.42538 8.65000
-58.56478 0.10862 0.39928 0.42462 8.67500
-58.55108 0.10886 0.39968 0.42387 8.70000
-58.53995 0.10907 0.40006 0.42312 8.72500
-58.53151 0.10926 0.40045 0.42237 8.75000
-58.52587 0.10942 0.40083 0.42163 8.77500
-58.52315 0.10954 0.40120 0.42091 8.80000
-58.52345 0.10964 0.40157 0.42019 8.82500
-58.52687 0.10971 0.40193 0.41948 8.85000
-58.53351 0.10974 0.40228 0.41878 8.87500
-58.54346 0.10973 0.40262 0.41810 8.90000
-58.55677 0.10970 0.40295 0.41743 8.92500
-58.57353 0.10962 0.40327 0.41678 8.95000
-58.59376 0.10950 0.40357 0.41614 8.97500
-58.61750 0.10935 0.40387 0.41552 9.00000
-58.64476 0.10916 0.40415 0.41493 9.02500
-58.67553 0.10893 0.40441 0.41436 9.05000
-58.70977 0.10865 0.40466 0.41381 9.07500
-58.74743 0.10834 0.40489 0.41328 9.10000
-58.78842 0.10799 0.40511 0.41278 9.12500
-58.83263 0.10760 0.40531 0.41231 9.15000
-58.87992 0.10717 0.40549 0.41186 9.17500
-58.93011 0.10671 0.40565 0.41144 9.20000
-58.98303 0.10621 0.40579 0.41105 9.22500
-59.03842 0.10568 0.40591 0.41070 9.25000
-59.09605 0.10512 0.40602 0.41037 9.27500
-59.15563 0.10454 0.40610 0.41008 9.30000
-59.21686 0.10393 0.40616 0.40981 9.32500
-59.27940 0.10329 0.40620 0.40958 9.35000
-59.34292 0.10264 0.40622 0.40938 9.37500
-59.40704 0.10197 0.40622 0.40921 9.40000
-59.47141 0.10130 0.40620 0.40908 9.42500
-59.53563 0.10061 0.40616 0.40897 9.45000
-59.59932 0.09993 0.40610 0.40890 9.47500
-59.66211 0.09924 0.40603 0.40885 9.50000
-59.72360 0.09857 0.40593 0.40883 9.52500
-59.78343 0.09790 0.40582 0.40885 9.55000
-59.84125 0.09724 0.40570 0.40888 9.57500
-59.89672 0.09660 0.40555 0.40894 9.60000
-59.94952 0.09598 0.40540 0.40903 9.62500
-59.99935 0.09539 0.40523 0.40914 9.65000
-60.04595 0.09482 0.40505 0.40926 9.67500
-60.08907 0.09428 0.40486 0.40941 9.70000
-60.12849 0.09378 0.40466 0.40957 9.72500
-60.16403 0.09331 0.40446 0.40975 9.75000
-60.19554 0.09288 0.40424 0.40993 9.77500
-60.22287 0.09248 0.40403 0.41013 9.80000
-60.24594 0.09213 0.40381 0.41034 9.82500
-60.26466 0.09181 0.40358 0.41056 9.85000
-60.27899 0.09154 0.40336 0.41078 9.87500
-60.28890 0.09132 0.40314 0.41100 9.90000
-60.29440 0.09113 0.40291 0.41122 9.92500
-60.29549 0.09099 0.40270 0.41144 9.95000
-60.29222 0.09090 0.40248 0.41166 9.97500
-60.28463 0.09084 0.40228 0.41187 10.00000
-60.27280 0.09083 0.40208 0.41208 10.02500
-60.25680 0.09087 0.40188 0.41227 10.05000
-60.23673 0.09094 0.40170 0.41246 10.07500
-60.21268 0.09106 0.40153 0.41263 10.10000
-60.18476 0.09122 0.40136 0.41279 10.12500
-60.15308 0.09142 0.40121 0.41294 10.15000
-60.11776 0.09166 0.40108 0.41306 10.17500
-60.07892 0.09194 0.40096 0.41317 10.20000
-60.03667 0.09226 0.40085 0.41326 10.22500
-59.99114 0.09262 0.40075 0.41333 10.25000
-59.94245 0.09301 0.40068 0.41338 10.27500
-59.89072 0.09343 0.40062 0.41341 10.30000
-59.83607 0.09390 0.40058 0.41341 10.32500
-59.77860 0.09439 0.40055 0.41338 10.35000
-59.71843 0.09492 0.40055 0.41333 10.37500
-59.65567 0.09548 0.40056 0.41325 10.40000
-59.59043 0.09608 0.40059 0.41315 10.42500
-59.52279 0.09670 0.40065 0.41301 10.45000
-59.45285 0.09736 0.40072 0.41285 10.47500
-59.38070 0.09805 0.40082 0.41265 10.50000
-59.30642 0.09876 0.40093 0.41243 10.52500
-59.23009 0.09950 0.40107 0.41217 10.55000
-59.15177 0.10028 0.40122 0.41188 10.57500
-59.07154 0.10108 0.40140 0.41156 10.60000
-58.98944 0.10190 0.40161 0.41120 10.62500
-58.90553 0.10276 0.40183 0.41082 10.65000
-58.81985 0.10364 0.40208 0.41039 10.67500
-58.73243 0.10455 0.40235 0.40994 10.70000
-58.64331 0.10549 0.40264 0.40944 10.72500
-58.55250 0.10645 0.40295 0.40892 10.75000
-58.46001 0.10744 0.40329 0.40835 10.77500
-58.36586 0.10846 0.40365 0.40775 10.80000
-58.27002 0.10950 0.40403 0.40711 10.82500
-58.17249 0.11057 0.40444 0.40644 10.85000
-58.07323 0.11168 0.40487 0.40573 10.87500
-57.97221 0.11281 0.40532 0.40498 10.90000
-57.86938 0.11396 0.40580 0.40419 10.92500
-57.76465 0.11515 0.40630 0.40336 10.95000
-57.65796 0.11638 0.40683 0.40250 10.97500
-57.54920 0.11763 0.40738 0.40159 11.00000
-57.43825 0.11892 0.40796 0.40065 11.02500
-57.32497 0.12024 0.40856 0.39966 11.05000
-57.20918 0.12161 0.40919 0.39863 11.07500
-57.09069 0.12301 0.40984 0.39756 11.10000
-56.96925 0.12446 0.41052 0.39644 11.12500
-56.84460 0.12595 0.41122 0.39528 11.15000
-56.71641 0.12749 0.41196 0.39408 11.17500
-56.58431 0.12909 0.41272 0.39282 11.20000
-56.44785 0.13074 0.41351 0.39152 11.22500
-56.30651 0.13246 0.41433 0.39017 11.25000
-56.15967 0.13425 0.41518 0.38876 11.27500
-56.00661 0.13612 0.41607 0.38731 11.30000
-55.84645 0.13808 0.41699 0.38579 11.32500
-55.67816 0.14014 0.41794 0.38421 11.35000
-55.50050 0.14232 0.41894 0.38257 11.37500
-55.31195 0.14462 0.41998 0.38086 11.40000
-55.11070 0.14707 0.42106 0.37907 11.42500
-54.89448 0.14970 0.42219 0.37721 11.45000
-54.66052 0.15252 0.42338 0.37526 11.47500
-54.40535 0.15558 0.42462 0.37320 11.50000
-54.12459 0.15893 0.42593 0.37104 11.52500
-53.81266 0.16261 0.42732 0.36876 11.55000
-53.46233 0.16671 0.42880 0.36633 11.57500
-53.06414 0.17131 0.43037 0.36375 11.60000
-52.60544 0.17655 0.43207 0.36097 11.62500
-52.06904 0.18258 0.43390 0.35795 11.65000
-51.43105 0.18963 0.43591 0.35466 11.67500
-50.65746 0.19803 0.43813 0.35102 11.70000
-49.69840 0.20823 0.44063 0.34692 11.72500
-48.47834 0.22090 0.44348 0.34224 11.75000
-46.87849 0.23706 0.44681 0.33675 11.77500
-44.70413 0.25835 0.45081 0.33012 11.80000
-41.62176 0.28743 0.45579 0.32177 11.82500
-37.03913 0.32880 0.46228 0.31077 11.85000
-29.90443 0.39004 0.47122 0.29570 11.87500
-18.59173 0.48212 0.48427 0.27545 11.90000
-2.14943 0.61111 0.50383 0.25178 11.92500
14.87155 0.75344 0.53104 0.22836 11.95000
23.84889 0.86305 0.56276 0.20678 11.97500
24.71949 0.92660 0.59402 0.18721 12.00000
21.82414 0.95905 0.62225 0.16951 12.02500
17.41507 0.97480 0.64680 0.15353 12.05000
12.34801 0.98186 0.66774 0.13912 12.07500
7.02149 0.98402 0.68536 0.12616 12.10000
1.65570 0.98294 0.70000 0.11456 12.12500
-3.62554 0.97913 0.71198 0.10424 12.15000
-8.75826 0.97254 0.72160 0.09515 12.17500
-13.71683 0.96268 0.72913 0.08725 12.20000
-18.50106 0.94880 0.73480 0.08054 12.22500
-23.13081 0.92989 0.73879 0.07500 12.25000
-27.64706 0.90469 0.74126 0.07064 12.27500
-32.11831 0.87166 0.74234 0.06746 12.30000
-36.64920 0.82884 0.74210 0.06545 12.32500
-41.38520 0.77374 0.74060 0.06463 12.35000
-46.49996 0.70315 0.73781 0.06502 12.37500
-52.13034 0.61347 0.73373 0.06673 12.40000
-58.19787 0.50282 0.72832 0.06992 12.42500
-64.13702 0.37664 0.72166 0.07482 12.45000
-68.94776 0.25335 0.71399 0.08154 12.47500
-71.99456 0.15571 0.70568 0.08979 12.50000
-73.53631 0.09212 0.69708 0.09898 12.52500
-74.19500 0.05580 0.68843 0.10857 12.55000
-74.42740 0.03646 0.67985 0.11825 12.57500
-74.46792 0.02653 0.67140 0.12786 12.60000
-74.42187 0.02155 0.66309 0.13735 12.62500
-74.33488 0.01913 0.65494 0.14668 12.65000
-74.22679 0.01802 0.64695 0.15584 12.67500
-74.10644 0.01758 0.63911 0.16482 12.70000
-73.97783 0.01750 0.63144 0.17362 12.72500
-73.84285 0.01760 0.62392 0.18225 12.75000
-73.70238 0.01780 0.61656 0.19070 12.77500
-73.55687 0.01807 0.60935 0.19898 12.80000
-73.40655 0.01837 0.60229 0.20708 12.82500
-73.25153 0.01870 0.59538 0.21501 12.85000
-73.09189 0.01905 0.58863 0.22277 12.87500
-72.92767 0.01943 0.58202 0.23035 12.90000
-72.75893 0.01983 0.57555 0.23777 12.92500
-72.58571 0.02024 0.56923 0.24502 12.95000
-72.40807 0.02067 0.56306 0.25210 12.97500
-72.22605 0.02113 0.55703 0.25901 13.00000
-72.03973 0.02161 0.55114 0.26576 13.02500
-71.84918 0.02210 0.54538 0.27235 13.05000
-71.65451 0.02262 0.53977 0.27878 13.07500
-71.45579 0.02317 0.53429 0.28504 13.10000
-71.25314 0.02374 0.52895 0.29115 13.12500
-71.04668 0.02433 0.52375 0.29710 13.15000
-70.83654 0.02494 0.51867 0.30289 13.17500
-70.62284 0.02559 0.51373 0.30853 13.20000
-70.40575 0.02626 0.50893 0.31401 13.22500
-70.18541 0.02695 0.50425 0.31934 13.25000
-69.96198 0.02768 0.49970 0.32452 13.27500
-69.73563 0.02843 0.49528 0.32956 13.30000
-69.50653 0.02922 0.49098 0.33444 13.32500
-69.27487 0.03003 0.48681 0.33917 13.35000
-69.04084 0.03087 0.48277 0.34376 13.37500
-68.80461 0.03175 0.47885 0.34820 13.40000
-68.56638 0.03266 0.47505 0.35251 13.42500
-68.32635 0.03359 0.47137 0.35667 13.45000
-68.08470 0.03456 0.46781 0.36068 13.47500
-67.84164 0.03557 0.46437 0.36456 13.50000
-67.59734 0.03661 0.46105 0.36831 13.52500
-67.35200 0.03768 0.45784 0.37191 13.55000
-67.10581 0.03878 0.45475 0.37538 13.57500
-66.85894 0.03992 0.45177 0.37872 13.60000
-66.61157 0.04109 0.44891 0.38192 13.62500
-66.36386 0.04230 0.44616 0.38499 13.65000
-66.11597 0.04354 0.44351 0.38793 13.67500
-65.86806 0.04482 0.44098 0.39074 13.70000
-65.62025 0.04613 0.43855 0.39343 13.72500
-65.37268 0.04748 0.43623 0.39599 13.75000
-65.12546 0.04886 0.43402 0.39842 13.77500
-64.87870 0.05028 0.43190 0.40073 13.80000
-64.63247 0.05173 0.42989 0.40291 13.82500
-64.38686 0.05322 0.42798 0.40498 13.85000
-64.14191 0.05474 0.42617 0.40692 13.87500
-63.89767 0.05630 0.42446 0.40874 13.90000
-63.65417 0.05789 0.42285 0.41045 13.92500
-63.41140 0.05952 0.42133 0.41204 13.95000
-63.16936 0.06118 0.41990 0.41351 13.97500
-62.92800 0.06288 0.41857 0.41486 14.00000
-62.68728 0.06462 0.41733 0.41611 14.02500
-62.44712 0.06639 0.41617 0.41723 14.05000
-62.20743 0.06820 0.41511 0.41825 14.07500
-61.96807 0.07005 0.41414 0.41915 14.10000
-61.72891 0.07194 0.41325 0.41994 14.12500
-61.48977 0.07388 0.41244 0.42062 14.15000
-61.25044 0.07585 0.41173 0.42119 14.17500
-61.01070 0.07788 0.41109 0.42165 14.20000
-60.77026 0.07994 0.41054 0.42200 14.22500
-60.52882 0.08206 0.41007 0.42224 14.25000
-60.28602 0.08424 0.40968 0.42237 14.27500
-60.04146 0.08647 0.40937 0.42239 14.30000
-59.79467 0.08876 0.40915 0.42229 14.32500
-59.54511 0.09112 0.40900 0.42209 14.35000
-59.29219 0.09355 0.40893 0.42177 14.37500
-59.03518 0.09606 0.40894 0.42135 14.40000
-58.77328 0.09865 0.40904 0.42080 14.42500
-58.50553 0.10135 0.40921 0.42014 14.45000
-58.23082 0.10415 0.40947 0.41935 14.47500
-57.94782 0.10707 0.40981 0.41845 14.50000
-57.65497 0.11014 0.41024 0.41741 14.52500
-57.35037 0.11335 0.41076 0.41625 14.55000
-57.03175 0.11675 0.41136 0.41494 14.57500
-56.69631 0.12036 0.41207 0.41349 14.60000
-56.34058 0.12421 0.41287 0.41188 14.62500
-55.96024 0.12835 0.41378 0.41011 14.65000
-55.54977 0.13283 0.41480 0.40815 14.67500
-55.10210 0.13772 0.41595 0.40600 14.70000
-54.60793 0.14312 0.41724 0.40362 14.72500
-54.05488 0.14914 0.41868 0.40099 14.75000
-53.42610 0.15594 0.42031 0.39807 14.77500
-52.69809 0.16375 0.42213 0.39481 14.80000
-51.83723 0.17288 0.42421 0.39113 14.82500
-50.79387 0.18376 0.42659 0.38693 14.85000
-49.49208 0.19707 0.42936 0.38206 14.87500
-47.81082 0.21382 0.43264 0.37629 14.90000
-45.54793 0.23567 0.43663 0.36924 14.92500
-42.34801 0.26539 0.44164 0.36028 14.95000
-37.55564 0.30781 0.44824 0.34829 14.97500
-29.94061 0.37151 0.45748 0.33150 15.00000
-17.44479 0.46981 0.47132 0.30844 15.02500
1.27702 0.61094 0.49267 0.28145 15.05000
19.94931 0.76449 0.52284 0.25506 15.07500
28.21464 0.87563 0.55745 0.23090 15.10000
28.16249 0.93596 0.59082 0.20901 15.12500
24.91392 0.96543 0.62061 0.18922 15.15000
20.41959 0.97930 0.64645 0.17133 15.17500
15.35072 0.98538 0.66851 0.15520 15.20000
10.03901 0.98722 0.68713 0.14066 15.22500
4.68144 0.98633 0.70266 0.12762 15.25000
-0.60445 0.98319 0.71547 0.11596 15.27500
-5.75397 0.97777 0.72585 0.10562 15.30000
-10.73776 0.96966 0.73410 0.09655 15.32500
-15.55015 0.95821 0.74044 0.08871 15.35000
-20.20304 0.94256 0.74507 0.08210 15.37500
-24.72509 0.92160 0.74815 0.07670 15.40000
-29.16621 0.89397 0.74982 0.07253 15.42500
-33.60580 0.85802 0.75018 0.06956 15.45000
-38.16139 0.81163 0.74929 0.06780 15.47500
-42.99031 0.75204 0.74716 0.06726 15.50000
-48.26531 0.67579 0.74378 0.06799 15.52500
-54.07760 0.57939 0.73910 0.07011 15.55000
-60.20721 0.46249 0.73313 0.07380 15.57500
-65.88150 0.33464 0.72598 0.07927 15.60000
-70.09276 0.21784 0.71793 0.08650 15.62500
-72.51584 0.13173 0.70939 0.09506 15.65000
-73.64018 0.07848 0.70067 0.10432 15.67500
-74.07458 0.04886 0.69197 0.11383 15.70000
-74.19292 0.03327 0.68336 0.12335 15.72500
-74.17229 0.02529 0.67490 0.13276 15.75000
-74.08913 0.02132 0.66659 0.14203 15.77500
-73.97582 0.01941 0.65845 0.15112 15.80000
-73.84624 0.01858 0.65046 0.16004 15.82500
-73.70645 0.01830 0.64264 0.16878 15.85000
-73.55920 0.01832 0.63498 0.17734 15.87500
-73.40575 0.01850 0.62749 0.18571 15.90000
-73.24669 0.01877 0.62015 0.19391 15.92500
-73.08234 0.01910 0.61296 0.20193 15.95000
-72.91283 0.01947 0.60594 0.20977 15.97500
-72.73827 0.01987 0.59907 0.21744 16.00000
-72.55873 0.02029 0.59235 0.22493 16.02500
-72.37424 0.02074 0.58578 0.23224 16.05000
-72.18489 0.02121 0.57936 0.23939 16.07500
-71.99072 0.02171 0.57309 0.24636 16.10000
-71.79181 0.02223 0.56697 0.25316 16.12500
-71.58825 0.02277 0.56100 0.25980 16.15000
-71.38012 0.02334 0.55517 0.26627 16.17500
-71.16754 0.02394 0.54948 0.27257 16.20000
-70.95063 0.02457 0.54394 0.27870 16.22500
-70.72950 0.02522 0.53853 0.28468 16.25000
-70.50431 0.02590 0.53327 0.29049 16.27500
-70.27521 0.02662 0.52815 0.29613 16.30000
-70.04235 0.02736 0.52317 0.30162 16.32500
-69.80591 0.02814 0.51832 0.30695 16.35000
-69.56607 0.02894 0.51361 0.31213 16.37500
-69.32302 0.02979 0.50903 0.31715 16.40000
-69.07695 0.03066 0.50458 0.32201 16.42500
-68.82808 0.03158 0.50027 0.32672 16.45000
-68.57660 0.03253 0.49609 0.33128 16.47500
-68.32274 0.03351 0.49204 0.33569 16.50000
-68.06670 0.03453 0.48812 0.33995 16.52500
-67.80871 0.03559 0.48433 0.34406 16.55000
-67.54898 0.03669 0.48066 0.34802 16.57500
-67.28772 0.03783 0.47712 0.35184 16.60000
-67.02516 0.03901 0.47370 0.35551 16.62500
-66.76150 0.04023 0.47041 0.35905 16.65000
-66.49695 0.04149 0.46724 0.36244 16.67500
-66.23171 0.04279 0.46419 0.36569 16.70000
-65.96595 0.04413 0.46125 0.36880 16.72500
-65.69987 0.04551 0.45844 0.37177 16.75000
-65.43363 0.04694 0.45574 0.37461 16.77500
-65.16739 0.04840 0.45316 0.37731 16.80000
-64.90128 0.04991 0.45069 0.37988 16.82500
-64.63543 0.05146 0.44834 0.38231 16.85000
-64.36995 0.05306 0.44609 0.38461 16.87500
-64.10493 0.05469 0.44396 0.38679 16.90000
-63.84044 0.05637 0.44193 0.38883 16.92500
-63.57653 0.05809 0.44001 0.39074 16.95000
-63.31322 0.05986 0.43820 0.39253 16.97500
-63.05052 0.06167 0.43649 0.39419 17.00000
-62.78842 0.06352 0.43489 0.39573 17.02500
-62.52686 0.06542 0.43338 0.39714 17.05000
-62.26577 0.06736 0.43198 0.39843 17.07500
-62.00505 0.06936 0.43067 0.39959 17.10000
-61.74458 0.07139 0.42947 0.40063 17.12500
-61.48417 0.07348 0.42836 0.40155 17.15000
-61.22365 0.07562 0.42734 0.40235 17.17500
-60.96275 0.07781 0.42642 0.40303 17.20000
-60.70121 0.08006 0.42560 0.40359 17.22500
-60.43869 0.08237 0.42486 0.40403 17.25000
-60.17482 0.08473 0.42422 0.40435 17.27500
-59.90915 0.08717 0.42367 0.40454 17.30000
-59.64117 0.08967 0.42321 0.40462 17.32500
-59.37030 0.09225 0.42284 0.40457 17.35000
-59.09586 0.09492 0.42256 0.40441 17.37500
-58.81705 0.09767 0.42237 0.40411 17.40000
-58.53297 0.10052 0.42227 0.40369 17.42500
-58.24251 0.10349 0.42227 0.40314 17.45000
-57.94443 0.10658 0.42236 0.40246 17.47500
-57.63719 0.10980 0.42254 0.40165 17.50000
-58.96012 0.11038 0.42255 0.40110 0.00000
-60.12350 0.10692 0.42218 0.40112 0.00000
-61.19542 0.10103 0.42148 0.40163 0.00000
-62.20581 0.09380 0.42049 0.40257 0.00000
-63.16134 0.08600 0.41925 0.40391 0.00000
-64.05752 0.07818 0.41777 0.40561 0.00000
-64.88671 0.07073 0.41609 0.40763 0.00000
-65.64256 0.06389 0.41424 0.40994 0.00000
-66.32182 0.05782 0.41223 0.41250 0.00000
-66.92457 0.05255 0.41010 0.41527 0.00000
-67.45357 0.04807 0.40786 0.41822 0.00000
-67.91346 0.04432 0.40555 0.42133 0.00000
-68.30989 0.04122 0.40318 0.42456 0.00000
-68.64894 0.03867 0.40076 0.42790 0.00000
-68.93662 0.03659 0.39830 0.43131 0.00000
-69.17870 0.03490 0.39584 0.43478 0.00000
-69.38046 0.03353 0.39336 0.43829 0.00000
-69.54671 0.03243 0.39088 0.44184 0.00000
-69.68174 0.03154 0.38841 0.44539 0.00000
-69.78935 0.03084 0.38596 0.44895 0.00000
-69.87290 0.03028 0.38353 0.45251 0.00000
-69.93532 0.02984 0.38113 0.45604 0.00000
-69.97918 0.02951 0.37875 0.45956 0.00000
-70.00675 0.02926 0.37641 0.46305 0.00000
-70.01999 0.02909 0.37411 0.46650 0.00000
-70.02063 0.02898 0.37184 0.46992 0.00000
-70.01018 0.02893 0.36962 0.47329 0.00000
-69.98995 0.02892 0.36743 0.47662 0.00000
-69.96112 0.02895 0.36529 0.47990 0.00000
-69.92470 0.02902 0.36320 0.48312 0.00000
-69.88160 0.02912 0.36115 0.48630 0.00000
-69.83261 0.02925 0.35915 0.48942 0.00000
-69.77845 0.02940 0.35719 0.49248 0.00000
-69.71972 0.02958 0.35528 0.49549 0.00000
-69.65699 0.02977 0.35342 0.49844 0.00000
-69.59076 0.02999 0.35161 0.50133 0.00000
-69.52145 0.03022 0.34984 0.50417 0.00000
-69.44948 0.03046 0.34812 0.50694 0.00000
-69.37518 0.03072 0.34645 0.50965 0.00000
-69.29888 0.03099 0.34483 0.51231 0.00000
-69.22087 0.03127 0.34325 0.51490 0.00000
-69.14139 0.03156 0.34172 0.51744 0.00000
-69.06069 0.03187 0.34024 0.51992 0.00000
-68.97897 0.03217 0.33880 0.52234 0.00000
-68.89643 0.03249 0.33740 0.52470 0.00000
-68.81323 0.03282 0.33605 0.52700 0.00000
-68.72953 0.03315 0.33474 0.52924 0.00000
-68.64548 0.03348 0.33348 0.53143 0.00000
-68.56121 0.03382 0.33226 0.53356 0.00000
-68.47683 0.03417 0.33108 0.53564 0.00000
-68.39245 0.03452 0.32995 0.53766 0.00000
-68.30817 0.03487 0.32885 0.53963 0.00000
-68.22409 0.03523 0.32779 0.54154 0.00000
-68.14028 0.03559 0.32678 0.54340 0.00000
-68.05683 0.03595 0.32580 0.54520 0.00000
-67.97379 0.03632 0.32486 0.54696 0.00000
-67.89124 0.03669 0.32396 0.54866 0.00000
-67.80924 0.03705 0.32309 0.55032 0.00000
-67.72783 0.03742 0.32226 0.55192 0.00000
-67.64707 0.03780 0.32146 0.55347 0.00000
-67.56700 0.03817 0.32070 0.55498 0.00000
-67.48767 0.03854 0.31998 0.55644 0.00000
-67.40911 0.03891 0.31928 0.55786 0.00000
-67.33136 0.03928 0.31862 0.55922 0.00000
-67.25445 0.03966 0.31799 0.56055 0.00000
-67.17842 0.04003 0.31739 0.56183 0.00000
-67.10328 0.04040 0.31682 0.56306 0.00000
-67.02907 0.04077 0.31628 0.56425 0.00000
-66.95580 0.04114 0.31577 0.56541 0.00000
-66.88351 0.04150 0.31529 0.56652 0.00000
-66.81221 0.04187 0.31484 0.56759 0.00000
-66.74191 0.04223 0.31441 0.56862 0.00000
-66.67264 0.04259 0.31400 0.56961 0.00000
-66.60441 0.04295 0.31363 0.57056 0.00000
-66.53723 0.04331 0.31327 0.57148 0.00000
-66.47112 0.04366 0.31294 0.57236 0.00000
-66.40609 0.04401 0.31264 0.57321 0.00000
-66.34216 0.04436 0.31236 0.57402 0.00000
-66.27933 0.04471 0.31210 0.57480 0.00000
-66.21760 0.04505 0.31186 0.57554 0.00000
-66.15700 0.04539 0.31164 0.57625 0.00000
-66.09753 0.04572 0.31144 0.57693 0.00000
-66.03920 0.04605 0.31126 0.57758 0.00000
-65.98200 0.04638 0.31110 0.57820 0.00000
-65.92596 0.04670 0.31095 0.57879 0.00000
-65.87108 0.04702 0.31083 0.57935 0.00000
-65.81735 0.04734 0.31072 0.57989 0.00000
-65.76479 0.04765 0.31063 0.58039 0.00000
-65.71340 0.04795 0.31055 0.58087 0.00000
-65.66319 0.04825 0.31049 0.58133 0.00000
-65.61416 0.04855 0.31045 0.58176 0.00000
-65.56630 0.04884 0.31041 0.58216 0.00000
-65.51964 0.04912 0.31040 0.58254 0.00000
-65.47416 0.04941 0.31039 0.58290 0.00000
-65.42987 0.04968 0.31040 0.58324 0.00000
-65.38677 0.04995 0.31042 0.58355 0.00000
-65.34486 0.05021 0.31045 0.58385 0.00000
-65.30415 0.05047 0.31049 0.58412 0.00000
-65.26463 0.05072 0.31054 0.58438 0.00000
-65.22631 0.05097 0.31060 0.58461 0.00000
-65.18918 0.05121 0.31067 0.58483 0.00000
-65.15324 0.05144 0.31075 0.58503 0.00000
-65.11850 0.05167 0.31084 0.58522 0.00000
-65.08494 0.05189 0.31093 0.58539 0.00000
-65.05258 0.05211 0.31104 0.58554 0.00000
-65.02140 0.05231 0.31115 0.58568 0.00000
-64.99141 0.05252 0.31126 0.58580 0.00000
-64.96259 0.05271 0.31139 0.58591 0.00000
-64.93495 0.05290 0.31152 0.58601 0.00000
-64.90848 0.05308 0.31165 0.58610 0.00000
-64.88317 0.05326 0.31179 0.58617 0.00000
-64.85902 0.05343 0.31193 0.58624 0.00000
-64.83602 0.05359 0.31208 0.58629 0.00000
-64.81417 0.05374 0.31223 0.58633 0.00000
-64.79345 0.05389 0.31238 0.58637 0.00000
-64.77386 0.05403 0.31254 0.58639 0.00000
-64.75538 0.05417 0.31270 0.58641 0.00000
-64.73801 0.05429 0.31286 0.58642 0.00000
-64.72174 0.05441 0.31302 0.58642 0.00000
-64.70654 0.05453 0.31319 0.58642 0.00000
-64.69242 0.05463 0.31335 0.58641 0.00000
-64.67935 0.05473 0.31352 0.58639 0.00000
-64.66732 0.05483 0.31369 0.58637 0.00000
-64.65631 0.05492 0.31386 0.58635 0.00000
-64.64632 0.05500 0.31402 0.58632 0.00000
-64.63731 0.05507 0.31419 0.58628 0.00000
-64.62928 0.05514 0.31436 0.58625 0.00000
-64.62220 0.05520 0.31452 0.58621 0.00000
-64.61606 0.05525 0.31469 0.58617 0.00000
-64.61083 0.05530 0.31485 0.58613 0.00000
-64.60650 0.05534 0.31501 0.58608 0.00000
-64.60303 0.05538 0.31517 0.58604 0.00000
-64.60041 0.05541 0.31533 0.58599 0.00000
-64.59862 0.05544 0.31548 0.58595 0.00000
-64.59763 0.05546 0.31563 0.58590 0.00000
-64.59741 0.05547 0.31578 0.58585 0.00000
-64.59794 0.05548 0.31593 0.58581 0.00000
-64.59919 0.05548 0.31607 0.58576 0.00000
-64.60114 0.05548 0.31622 0.58572 0.00000
-64.60376 0.05548 0.31635 0.58568 0.00000
-64.60703 0.05547 0.31649 0.58564 0.00000
-64.61090 0.05545 0.31662 0.58560 0.00000
-64.61537 0.05543 0.31675 0.58556 0.00000
-64.62039 0.05541 0.31687 0.58553 0.00000
-64.62593 0.05538 0.31699 0.58550 0.00000
-64.63198 0.05535 0.31711 0.58547 0.00000
-64.63850 0.05532 0.31722 0.58545 0.00000
-64.64546 0.05528 0.31733 0.58542 0.00000
-64.65284 0.05524 0.31743 0.58540 0.00000
-64.66060 0.05520 0.31753 0.58539 0.00000
-64.66871 0.05515 0.31763 0.58538 0.00000
-64.67715 0.05510 0.31772 0.58537 0.00000
-64.68589 0.05505 0.31781 0.58536 0.00000
-64.69490 0.05500 0.31790 0.58536 0.00000
-64.70416 0.05494 0.31798 0.58536 0.00000
-64.71362 0.05489 0.31805 0.58537 0.00000
-64.72328 0.05483 0.31812 0.58538 0.00000
-64.73310 0.05477 0.31819 0.58540 0.00000
-64.74306 0.05471 0.31825 0.58541 0.00000
-64.75313 0.05464 0.31831 0.58544 0.00000
-64.76329 0.05458 0.31837 0.58546 0.00000
-64.77351 0.05452 0.31842 0.58549 0.00000
-64.78378 0.05445 0.31847 0.58552 0.00000
-64.79406 0.05439 0.31852 0.58556 0.00000
-64.80434 0.05432 0.31856 0.58560 0.00000
-64.81460 0.05426 0.31859 0.58565 0.00000
-64.82482 0.05419 0.31863 0.58570 0.00000
-64.83497 0.05413 0.31866 0.58575 0.00000
-64.84505 0.05406 0.31868 0.58580 0.00000
-64.85503 0.05400 0.31871 0.58586 0.00000
-64.86489 0.05393 0.31873 0.58593 0.00000
-64.87463 0.05387 0.31874 0.58599 0.00000
-64.88422 0.05381 0.31876 0.58606 0.00000
-64.89366 0.05375 0.31877 0.58613 0.00000
-64.90293 0.05368 0.31878 0.58621 0.00000
-64.91202 0.05363 0.31878 0.58629 0.00000
-64.92091 0.05357 0.31879 0.58637 0.00000
-64.92960 0.05351 0.31879 0.58645 0.00000
-64.93808 0.05345 0.31879 0.58654 0.00000
-64.94634 0.05340 0.31878 0.58662 0.00000
-64.95438 0.05334 0.31878 0.58671 0.00000
-64.96218 0.05329 0.31877 0.58681 0.00000
-64.96974 0.05324 0.31876 0.58690 0.00000
-64.97705 0.05319 0.31875 0.58700 0.00000
-64.98411 0.05314 0.31873 0.58710 0.00000
-64.99092 0.05310 0.31872 0.58720 0.00000
-64.99747 0.05305 0.31870 0.58730 0.00000
-65.00377 0.05301 0.31868 0.58740 0.00000
-65.00980 0.05297 0.31866 0.58751 0.00000
-65.01557 0.05293 0.31864 0.58761 0.00000
-65.02108 0.05289 0.31862 0.58772 0.00000
-65.02632 0.05285 0.31859 0.58783 0.00000
-65.03131 0.05282 0.31857 0.58794 0.00000
-65.03603 0.05278 0.31854 0.58805 0.00000
-65.04049 0.05275 0.31852 0.58816 0.00000
-65.04470 0.05272 0.31849 0.58827 0.00000
-65.04865 0.05269 0.31846 0.58838 0.00000
-65.05235 0.05267 0.31843 0.58849 0.00000
-65.05580 0.05264 0.31840 0.58860 0.00000
